Original Weights:
Node,T_1,T_2,T_3,T_4,T_5,T_6,T_7,T_8,T_9,T_10
naive,   15.0000,   19.0000,   12.0000,   14.0000,    2.0000,    1.0000,   20.0000,    1.0000,   15.0000,   23.0000
seq1,    4.0000,    1.0000,    3.0000,    1.0000,    1.0000,    3.0000,    1.0000,    9.0000,    1.0000,    2.0000
seq10,    1.0000,    1.0000,    1.0000,    1.0000,    6.0000,    1.0000,    1.0000,    1.0000,    1.0000,    1.0000
seq11,    1.0000,    1.0000,    1.0000,    9.0000,    2.0000,    2.0000,    2.0000,    1.0000,    1.0000,    1.0000
seq12,    1.0000,    3.0000,    1.0000,    1.0000,    1.0000,    9.0000,    3.0000,    1.0000,    1.0000,    1.0000
seq13,    1.0000,    1.0000,    1.0000,    1.0000,    1.0000,    4.0000,    1.0000,    1.0000,    1.0000,    1.0000
seq14,    3.0000,    1.0000,    1.0000,    1.0000,    2.0000,    1.0000,    1.0000,    2.0000,    4.0000,    1.0000
seq15,    2.0000,    1.0000,    1.0000,    9.0000,    1.0000,    1.0000,    5.0000,    1.0000,    1.0000,    1.0000
seq16,    1.0000,    5.0000,    1.0000,    1.0000,    1.0000,    1.0000,    1.0000,    1.0000,    1.0000,    9.0000
seq17,    1.0000,    0.0000,    1.0000,    0.0000,    1.0000,    4.0000,    1.0000,    1.0000,    1.0000,    3.0000
seq18,    1.0000,    0.0000,    1.0000,    0.0000,    5.0000,    1.0000,    1.0000,    1.0000,    7.0000,    0.0000
seq19,    0.0000,    0.0000,    2.0000,    0.0000,    2.0000,    1.0000,    0.0000,    2.0000,    9.0000,    0.0000
seq2,    1.0000,    1.0000,    2.0000,    1.0000,    1.0000,    3.0000,    4.0000,    1.0000,    1.0000,    1.0000
seq20,    0.0000,    0.0000,    1.0000,    0.0000,    1.0000,    0.0000,    0.0000,    2.0000,    0.0000,    0.0000
seq21,    0.0000,    0.0000,    1.0000,    0.0000,    1.0000,    0.0000,    0.0000,    4.0000,    0.0000,    0.0000
seq22,    0.0000,    0.0000,    1.0000,    0.0000,    1.0000,    0.0000,    0.0000,    0.0000,    0.0000,    0.0000
seq23,    0.0000,    0.0000,    1.0000,    0.0000,    1.0000,    0.0000,    0.0000,    0.0000,    0.0000,    0.0000
seq24,    0.0000,    0.0000,    1.0000,    0.0000,    1.0000,    0.0000,    0.0000,    0.0000,    0.0000,    0.0000
seq25,    0.0000,    0.0000,    1.0000,    0.0000,    1.0000,    0.0000,    0.0000,    0.0000,    0.0000,    0.0000
seq26,    0.0000,    0.0000,    1.0000,    0.0000,    1.0000,    0.0000,    0.0000,    0.0000,    0.0000,    0.0000
seq27,    0.0000,    0.0000,    1.0000,    0.0000,    3.0000,    0.0000,    0.0000,    0.0000,    0.0000,    0.0000
seq28,    0.0000,    0.0000,    0.0000,    0.0000,    3.0000,    0.0000,    0.0000,    0.0000,    0.0000,    0.0000
seq3,    2.0000,    1.0000,    1.0000,    1.0000,    3.0000,    2.0000,    1.0000,    1.0000,    1.0000,    1.0000
seq4,    1.0000,    1.0000,    1.0000,    1.0000,    2.0000,    8.0000,    1.0000,    1.0000,    1.0000,    1.0000
seq5,    4.0000,    1.0000,    1.0000,    1.0000,    1.0000,    1.0000,    2.0000,    3.0000,    1.0000,    1.0000
seq6,    4.0000,    1.0000,    2.0000,    1.0000,    1.0000,    1.0000,    2.0000,    1.0000,    1.0000,    1.0000
seq7,    1.0000,   10.0000,    1.0000,    6.0000,    1.0000,    1.0000,    1.0000,    2.0000,    1.0000,    1.0000
seq8,    1.0000,    2.0000,    8.0000,    1.0000,    3.0000,    5.0000,    1.0000,    4.0000,    1.0000,    1.0000
seq9,    6.0000,    1.0000,    1.0000,    1.0000,    1.0000,    1.0000,    2.0000,   10.0000,    1.0000,    1.0000

Normalized Weights with Differences:
Node,T_1,T_2,T_3,T_4,T_5,T_6,T_7,T_8,T_9,T_10,Diff T_1-T_2,Diff T_1-T_3,Diff T_1-T_4,Diff T_1-T_5,Diff T_1-T_6,Diff T_1-T_7,Diff T_1-T_8,Diff T_1-T_9,Diff T_1-T_10,Diff T_2-T_3,Diff T_2-T_4,Diff T_2-T_5,Diff T_2-T_6,Diff T_2-T_7,Diff T_2-T_8,Diff T_2-T_9,Diff T_2-T_10,Diff T_3-T_4,Diff T_3-T_5,Diff T_3-T_6,Diff T_3-T_7,Diff T_3-T_8,Diff T_3-T_9,Diff T_3-T_10,Diff T_4-T_5,Diff T_4-T_6,Diff T_4-T_7,Diff T_4-T_8,Diff T_4-T_9,Diff T_4-T_10,Diff T_5-T_6,Diff T_5-T_7,Diff T_5-T_8,Diff T_5-T_9,Diff T_5-T_10,Diff T_6-T_7,Diff T_6-T_8,Diff T_6-T_9,Diff T_6-T_10,Diff T_7-T_8,Diff T_7-T_9,Diff T_7-T_10,Diff T_8-T_9,Diff T_8-T_10,Diff T_9-T_10
naive,    0.6364,    0.8182,    0.5000,    0.5909,    0.0455,    0.0000,    0.8636,    0.0000,    0.6364,    1.0000,    0.1818,    0.1364,    0.0455,    0.5909,    0.6364,    0.2273,    0.6364,    0.0000,    0.3636,    0.3182,    0.2273,    0.7727,    0.8182,    0.0455,    0.8182,    0.1818,    0.1818,    0.0909,    0.4545,    0.5000,    0.3636,    0.5000,    0.1364,    0.5000,    0.5455,    0.5909,    0.2727,    0.5909,    0.0455,    0.4091,    0.0455,    0.8182,    0.0455,    0.5909,    0.9545,    0.8636,    0.0000,    0.6364,    1.0000,    0.8636,    0.2273,    0.1364,    0.6364,    1.0000,    0.3636
seq1,    0.3750,    0.0000,    0.2500,    0.0000,    0.0000,    0.2500,    0.0000,    1.0000,    0.0000,    0.1250,    0.3750,    0.1250,    0.3750,    0.3750,    0.1250,    0.3750,    0.6250,    0.3750,    0.2500,    0.2500,    0.0000,    0.0000,    0.2500,    0.0000,    1.0000,    0.0000,    0.1250,    0.2500,    0.2500,    0.0000,    0.2500,    0.7500,    0.2500,    0.1250,    0.0000,    0.2500,    0.0000,    1.0000,    0.0000,    0.1250,    0.2500,    0.0000,    1.0000,    0.0000,    0.1250,    0.2500,    0.7500,    0.2500,    0.1250,    1.0000,    0.0000,    0.1250,    1.0000,    0.8750,    0.1250
seq10,    0.0000,    0.0000,    0.0000,    0.0000,    1.0000,    0.0000,    0.0000,    0.0000,    0.0000,    0.0000,    0.0000,    0.0000,    0.0000,    1.0000,    0.0000,    0.0000,    0.0000,    0.0000,    0.0000,    0.0000,    0.0000,    1.0000,    0.0000,    0.0000,    0.0000,    0.0000,    0.0000,    0.0000,    1.0000,    0.0000,    0.0000,    0.0000,    0.0000,    0.0000,    1.0000,    0.0000,    0.0000,    0.0000,    0.0000,    0.0000,    1.0000,    1.0000,    1.0000,    1.0000,    1.0000,    0.0000,    0.0000,    0.0000,    0.0000,    0.0000,    0.0000,    0.0000,    0.0000,    0.0000,    0.0000
seq11,    0.0000,    0.0000,    0.0000,    1.0000,    0.1250,    0.1250,    0.1250,    0.0000,    0.0000,    0.0000,    0.0000,    0.0000,    1.0000,    0.1250,    0.1250,    0.1250,    0.0000,    0.0000,    0.0000,    0.0000,    1.0000,    0.1250,    0.1250,    0.1250,    0.0000,    0.0000,    0.0000,    1.0000,    0.1250,    0.1250,    0.1250,    0.0000,    0.0000,    0.0000,    0.8750,    0.8750,    0.8750,    1.0000,    1.0000,    1.0000,    0.0000,    0.0000,    0.1250,    0.1250,    0.1250,    0.0000,    0.1250,    0.1250,    0.1250,    0.1250,    0.1250,    0.1250,    0.0000,    0.0000,    0.0000
seq12,    0.0000,    0.2500,    0.0000,    0.0000,    0.0000,    1.0000,    0.2500,    0.0000,    0.0000,    0.0000,    0.2500,    0.0000,    0.0000,    0.0000,    1.0000,    0.2500,    0.0000,    0.0000,    0.0000,    0.2500,    0.2500,    0.2500,    0.7500,    0.0000,    0.2500,    0.2500,    0.2500,    0.0000,    0.0000,    1.0000,    0.2500,    0.0000,    0.0000,    0.0000,    0.0000,    1.0000,    0.2500,    0.0000,    0.0000,    0.0000,    1.0000,    0.2500,    0.0000,    0.0000,    0.0000,    0.7500,    1.0000,    1.0000,    1.0000,    0.2500,    0.2500,    0.2500,    0.0000,    0.0000,    0.0000
seq13,    0.0000,    0.0000,    0.0000,    0.0000,    0.0000,    1.0000,    0.0000,    0.0000,    0.0000,    0.0000,    0.0000,    0.0000,    0.0000,    0.0000,    1.0000,    0.0000,    0.0000,    0.0000,    0.0000,    0.0000,    0.0000,    0.0000,    1.0000,    0.0000,    0.0000,    0.0000,    0.0000,    0.0000,    0.0000,    1.0000,    0.0000,    0.0000,    0.0000,    0.0000,    0.0000,    1.0000,    0.0000,    0.0000,    0.0000,    0.0000,    1.0000,    0.0000,    0.0000,    0.0000,    0.0000,    1.0000,    1.0000,    1.0000,    1.0000,    0.0000,    0.0000,    0.0000,    0.0000,    0.0000,    0.0000
seq14,    0.6667,    0.0000,    0.0000,    0.0000,    0.3333,    0.0000,    0.0000,    0.3333,    1.0000,    0.0000,    0.6667,    0.6667,    0.6667,    0.3333,    0.6667,    0.6667,    0.3333,    0.3333,    0.6667,    0.0000,    0.0000,    0.3333,    0.0000,    0.0000,    0.3333,    1.0000,    0.0000,    0.0000,    0.3333,    0.0000,    0.0000,    0.3333,    1.0000,    0.0000,    0.3333,    0.0000,    0.0000,    0.3333,    1.0000,    0.0000,    0.3333,    0.3333,    0.0000,    0.6667,    0.3333,    0.0000,    0.3333,    1.0000,    0.0000,    0.3333,    1.0000,    0.0000,    0.6667,    0.3333,    1.0000
seq15,    0.1250,    0.0000,    0.0000,    1.0000,    0.0000,    0.0000,    0.5000,    0.0000,    0.0000,    0.0000,    0.1250,    0.1250,    0.8750,    0.1250,    0.1250,    0.3750,    0.1250,    0.1250,    0.1250,    0.0000,    1.0000,    0.0000,    0.0000,    0.5000,    0.0000,    0.0000,    0.0000,    1.0000,    0.0000,    0.0000,    0.5000,    0.0000,    0.0000,    0.0000,    1.0000,    1.0000,    0.5000,    1.0000,    1.0000,    1.0000,    0.0000,    0.5000,    0.0000,    0.0000,    0.0000,    0.5000,    0.0000,    0.0000,    0.0000,    0.5000,    0.5000,    0.5000,    0.0000,    0.0000,    0.0000
seq16,    0.0000,    0.5000,    0.0000,    0.0000,    0.0000,    0.0000,    0.0000,    0.0000,    0.0000,    1.0000,    0.5000,    0.0000,    0.0000,    0.0000,    0.0000,    0.0000,    0.0000,    0.0000,    1.0000,    0.5000,    0.5000,    0.5000,    0.5000,    0.5000,    0.5000,    0.5000,    0.5000,    0.0000,    0.0000,    0.0000,    0.0000,    0.0000,    0.0000,    1.0000,    0.0000,    0.0000,    0.0000,    0.0000,    0.0000,    1.0000,    0.0000,    0.0000,    0.0000,    0.0000,    1.0000,    0.0000,    0.0000,    0.0000,    1.0000,    0.0000,    0.0000,    1.0000,    0.0000,    1.0000,    1.0000
seq17,    0.0000,    0.0000,    0.0000,    0.0000,    0.0000,    1.0000,    0.0000,    0.0000,    0.0000,    0.6667,    0.0000,    0.0000,    0.0000,    0.0000,    1.0000,    0.0000,    0.0000,    0.0000,    0.6667,    0.0000,    0.0000,    0.0000,    1.0000,    0.0000,    0.0000,    0.0000,    0.6667,    0.0000,    0.0000,    1.0000,    0.0000,    0.0000,    0.0000,    0.6667,    0.0000,    1.0000,    0.0000,    0.0000,    0.0000,    0.6667,    1.0000,    0.0000,    0.0000,    0.0000,    0.6667,    1.0000,    1.0000,    1.0000,    0.3333,    0.0000,    0.0000,    0.6667,    0.0000,    0.6667,    0.6667
seq18,    0.0000,    0.0000,    0.0000,    0.0000,    0.6667,    0.0000,    0.0000,    0.0000,    1.0000,    0.0000,    0.0000,    0.0000,    0.0000,    0.6667,    0.0000,    0.0000,    0.0000,    1.0000,    0.0000,    0.0000,    0.0000,    0.6667,    0.0000,    0.0000,    0.0000,    1.0000,    0.0000,    0.0000,    0.6667,    0.0000,    0.0000,    0.0000,    1.0000,    0.0000,    0.6667,    0.0000,    0.0000,    0.0000,    1.0000,    0.0000,    0.6667,    0.6667,    0.6667,    0.3333,    0.6667,    0.0000,    0.0000,    1.0000,    0.0000,    0.0000,    1.0000,    0.0000,    1.0000,    0.0000,    1.0000
seq19,    0.0000,    0.0000,    0.1250,    0.0000,    0.1250,    0.0000,    0.0000,    0.1250,    1.0000,    0.0000,    0.0000,    0.1250,    0.0000,    0.1250,    0.0000,    0.0000,    0.1250,    1.0000,    0.0000,    0.1250,    0.0000,    0.1250,    0.0000,    0.0000,    0.1250,    1.0000,    0.0000,    0.1250,    0.0000,    0.1250,    0.1250,    0.0000,    0.8750,    0.1250,    0.1250,    0.0000,    0.0000,    0.1250,    1.0000,    0.0000,    0.1250,    0.1250,    0.0000,    0.8750,    0.1250,    0.0000,    0.1250,    1.0000,    0.0000,    0.1250,    1.0000,    0.0000,    0.8750,    0.1250,    1.0000
seq2,    0.0000,    0.0000,    0.3333,    0.0000,    0.0000,    0.6667,    1.0000,    0.0000,    0.0000,    0.0000,    0.0000,    0.3333,    0.0000,    0.0000,    0.6667,    1.0000,    0.0000,    0.0000,    0.0000,    0.3333,    0.0000,    0.0000,    0.6667,    1.0000,    0.0000,    0.0000,    0.0000,    0.3333,    0.3333,    0.3333,    0.6667,    0.3333,    0.3333,    0.3333,    0.0000,    0.6667,    1.0000,    0.0000,    0.0000,    0.0000,    0.6667,    1.0000,    0.0000,    0.0000,    0.0000,    0.3333,    0.6667,    0.6667,    0.6667,    1.0000,    1.0000,    1.0000,    0.0000,    0.0000,    0.0000
seq20,    0.0000,    0.0000,    0.0000,    0.0000,    0.0000,    0.0000,    0.0000,    1.0000,    0.0000,    0.0000,    0.0000,    0.0000,    0.0000,    0.0000,    0.0000,    0.0000,    1.0000,    0.0000,    0.0000,    0.0000,    0.0000,    0.0000,    0.0000,    0.0000,    1.0000,    0.0000,    0.0000,    0.0000,    0.0000,    0.0000,    0.0000,    1.0000,    0.0000,    0.0000,    0.0000,    0.0000,    0.0000,    1.0000,    0.0000,    0.0000,    0.0000,    0.0000,    1.0000,    0.0000,    0.0000,    0.0000,    1.0000,    0.0000,    0.0000,    1.0000,    0.0000,    0.0000,    1.0000,    1.0000,    0.0000
seq21,    0.0000,    0.0000,    0.0000,    0.0000,    0.0000,    0.0000,    0.0000,    1.0000,    0.0000,    0.0000,    0.0000,    0.0000,    0.0000,    0.0000,    0.0000,    0.0000,    1.0000,    0.0000,    0.0000,    0.0000,    0.0000,    0.0000,    0.0000,    0.0000,    1.0000,    0.0000,    0.0000,    0.0000,    0.0000,    0.0000,    0.0000,    1.0000,    0.0000,    0.0000,    0.0000,    0.0000,    0.0000,    1.0000,    0.0000,    0.0000,    0.0000,    0.0000,    1.0000,    0.0000,    0.0000,    0.0000,    1.0000,    0.0000,    0.0000,    1.0000,    0.0000,    0.0000,    1.0000,    1.0000,    0.0000
seq22,    0.0000,    0.0000,    1.0000,    0.0000,    1.0000,    0.0000,    0.0000,    0.0000,    0.0000,    0.0000,    0.0000,    1.0000,    0.0000,    1.0000,    0.0000,    0.0000,    0.0000,    0.0000,    0.0000,    1.0000,    0.0000,    1.0000,    0.0000,    0.0000,    0.0000,    0.0000,    0.0000,    1.0000,    0.0000,    1.0000,    1.0000,    1.0000,    1.0000,    1.0000,    1.0000,    0.0000,    0.0000,    0.0000,    0.0000,    0.0000,    1.0000,    1.0000,    1.0000,    1.0000,    1.0000,    0.0000,    0.0000,    0.0000,    0.0000,    0.0000,    0.0000,    0.0000,    0.0000,    0.0000,    0.0000
seq23,    0.0000,    0.0000,    1.0000,    0.0000,    1.0000,    0.0000,    0.0000,    0.0000,    0.0000,    0.0000,    0.0000,    1.0000,    0.0000,    1.0000,    0.0000,    0.0000,    0.0000,    0.0000,    0.0000,    1.0000,    0.0000,    1.0000,    0.0000,    0.0000,    0.0000,    0.0000,    0.0000,    1.0000,    0.0000,    1.0000,    1.0000,    1.0000,    1.0000,    1.0000,    1.0000,    0.0000,    0.0000,    0.0000,    0.0000,    0.0000,    1.0000,    1.0000,    1.0000,    1.0000,    1.0000,    0.0000,    0.0000,    0.0000,    0.0000,    0.0000,    0.0000,    0.0000,    0.0000,    0.0000,    0.0000
seq24,    0.0000,    0.0000,    1.0000,    0.0000,    1.0000,    0.0000,    0.0000,    0.0000,    0.0000,    0.0000,    0.0000,    1.0000,    0.0000,    1.0000,    0.0000,    0.0000,    0.0000,    0.0000,    0.0000,    1.0000,    0.0000,    1.0000,    0.0000,    0.0000,    0.0000,    0.0000,    0.0000,    1.0000,    0.0000,    1.0000,    1.0000,    1.0000,    1.0000,    1.0000,    1.0000,    0.0000,    0.0000,    0.0000,    0.0000,    0.0000,    1.0000,    1.0000,    1.0000,    1.0000,    1.0000,    0.0000,    0.0000,    0.0000,    0.0000,    0.0000,    0.0000,    0.0000,    0.0000,    0.0000,    0.0000
seq25,    0.0000,    0.0000,    1.0000,    0.0000,    1.0000,    0.0000,    0.0000,    0.0000,    0.0000,    0.0000,    0.0000,    1.0000,    0.0000,    1.0000,    0.0000,    0.0000,    0.0000,    0.0000,    0.0000,    1.0000,    0.0000,    1.0000,    0.0000,    0.0000,    0.0000,    0.0000,    0.0000,    1.0000,    0.0000,    1.0000,    1.0000,    1.0000,    1.0000,    1.0000,    1.0000,    0.0000,    0.0000,    0.0000,    0.0000,    0.0000,    1.0000,    1.0000,    1.0000,    1.0000,    1.0000,    0.0000,    0.0000,    0.0000,    0.0000,    0.0000,    0.0000,    0.0000,    0.0000,    0.0000,    0.0000
seq26,    0.0000,    0.0000,    1.0000,    0.0000,    1.0000,    0.0000,    0.0000,    0.0000,    0.0000,    0.0000,    0.0000,    1.0000,    0.0000,    1.0000,    0.0000,    0.0000,    0.0000,    0.0000,    0.0000,    1.0000,    0.0000,    1.0000,    0.0000,    0.0000,    0.0000,    0.0000,    0.0000,    1.0000,    0.0000,    1.0000,    1.0000,    1.0000,    1.0000,    1.0000,    1.0000,    0.0000,    0.0000,    0.0000,    0.0000,    0.0000,    1.0000,    1.0000,    1.0000,    1.0000,    1.0000,    0.0000,    0.0000,    0.0000,    0.0000,    0.0000,    0.0000,    0.0000,    0.0000,    0.0000,    0.0000
seq27,    0.0000,    0.0000,    0.0000,    0.0000,    1.0000,    0.0000,    0.0000,    0.0000,    0.0000,    0.0000,    0.0000,    0.0000,    0.0000,    1.0000,    0.0000,    0.0000,    0.0000,    0.0000,    0.0000,    0.0000,    0.0000,    1.0000,    0.0000,    0.0000,    0.0000,    0.0000,    0.0000,    0.0000,    1.0000,    0.0000,    0.0000,    0.0000,    0.0000,    0.0000,    1.0000,    0.0000,    0.0000,    0.0000,    0.0000,    0.0000,    1.0000,    1.0000,    1.0000,    1.0000,    1.0000,    0.0000,    0.0000,    0.0000,    0.0000,    0.0000,    0.0000,    0.0000,    0.0000,    0.0000,    0.0000
seq28,    0.0000,    0.0000,    0.0000,    0.0000,    1.0000,    0.0000,    0.0000,    0.0000,    0.0000,    0.0000,    0.0000,    0.0000,    0.0000,    1.0000,    0.0000,    0.0000,    0.0000,    0.0000,    0.0000,    0.0000,    0.0000,    1.0000,    0.0000,    0.0000,    0.0000,    0.0000,    0.0000,    0.0000,    1.0000,    0.0000,    0.0000,    0.0000,    0.0000,    0.0000,    1.0000,    0.0000,    0.0000,    0.0000,    0.0000,    0.0000,    1.0000,    1.0000,    1.0000,    1.0000,    1.0000,    0.0000,    0.0000,    0.0000,    0.0000,    0.0000,    0.0000,    0.0000,    0.0000,    0.0000,    0.0000
seq3,    0.5000,    0.0000,    0.0000,    0.0000,    1.0000,    0.5000,    0.0000,    0.0000,    0.0000,    0.0000,    0.5000,    0.5000,    0.5000,    0.5000,    0.0000,    0.5000,    0.5000,    0.5000,    0.5000,    0.0000,    0.0000,    1.0000,    0.5000,    0.0000,    0.0000,    0.0000,    0.0000,    0.0000,    1.0000,    0.5000,    0.0000,    0.0000,    0.0000,    0.0000,    1.0000,    0.5000,    0.0000,    0.0000,    0.0000,    0.0000,    0.5000,    1.0000,    1.0000,    1.0000,    1.0000,    0.5000,    0.5000,    0.5000,    0.5000,    0.0000,    0.0000,    0.0000,    0.0000,    0.0000,    0.0000
seq4,    0.0000,    0.0000,    0.0000,    0.0000,    0.1429,    1.0000,    0.0000,    0.0000,    0.0000,    0.0000,    0.0000,    0.0000,    0.0000,    0.1429,    1.0000,    0.0000,    0.0000,    0.0000,    0.0000,    0.0000,    0.0000,    0.1429,    1.0000,    0.0000,    0.0000,    0.0000,    0.0000,    0.0000,    0.1429,    1.0000,    0.0000,    0.0000,    0.0000,    0.0000,    0.1429,    1.0000,    0.0000,    0.0000,    0.0000,    0.0000,    0.8571,    0.1429,    0.1429,    0.1429,    0.1429,    1.0000,    1.0000,    1.0000,    1.0000,    0.0000,    0.0000,    0.0000,    0.0000,    0.0000,    0.0000
seq5,    1.0000,    0.0000,    0.0000,    0.0000,    0.0000,    0.0000,    0.3333,    0.6667,    0.0000,    0.0000,    1.0000,    1.0000,    1.0000,    1.0000,    1.0000,    0.6667,    0.3333,    1.0000,    1.0000,    0.0000,    0.0000,    0.0000,    0.0000,    0.3333,    0.6667,    0.0000,    0.0000,    0.0000,    0.0000,    0.0000,    0.3333,    0.6667,    0.0000,    0.0000,    0.0000,    0.0000,    0.3333,    0.6667,    0.0000,    0.0000,    0.0000,    0.3333,    0.6667,    0.0000,    0.0000,    0.3333,    0.6667,    0.0000,    0.0000,    0.3333,    0.3333,    0.3333,    0.6667,    0.6667,    0.0000
seq6,    1.0000,    0.0000,    0.3333,    0.0000,    0.0000,    0.0000,    0.3333,    0.0000,    0.0000,    0.0000,    1.0000,    0.6667,    1.0000,    1.0000,    1.0000,    0.6667,    1.0000,    1.0000,    1.0000,    0.3333,    0.0000,    0.0000,    0.0000,    0.3333,    0.0000,    0.0000,    0.0000,    0.3333,    0.3333,    0.3333,    0.0000,    0.3333,    0.3333,    0.3333,    0.0000,    0.0000,    0.3333,    0.0000,    0.0000,    0.0000,    0.0000,    0.3333,    0.0000,    0.0000,    0.0000,    0.3333,    0.0000,    0.0000,    0.0000,    0.3333,    0.3333,    0.3333,    0.0000,    0.0000,    0.0000
seq7,    0.0000,    1.0000,    0.0000,    0.5556,    0.0000,    0.0000,    0.0000,    0.1111,    0.0000,    0.0000,    1.0000,    0.0000,    0.5556,    0.0000,    0.0000,    0.0000,    0.1111,    0.0000,    0.0000,    1.0000,    0.4444,    1.0000,    1.0000,    1.0000,    0.8889,    1.0000,    1.0000,    0.5556,    0.0000,    0.0000,    0.0000,    0.1111,    0.0000,    0.0000,    0.5556,    0.5556,    0.5556,    0.4444,    0.5556,    0.5556,    0.0000,    0.0000,    0.1111,    0.0000,    0.0000,    0.0000,    0.1111,    0.0000,    0.0000,    0.1111,    0.0000,    0.0000,    0.1111,    0.1111,    0.0000
seq8,    0.0000,    0.1429,    1.0000,    0.0000,    0.2857,    0.5714,    0.0000,    0.4286,    0.0000,    0.0000,    0.1429,    1.0000,    0.0000,    0.2857,    0.5714,    0.0000,    0.4286,    0.0000,    0.0000,    0.8571,    0.1429,    0.1429,    0.4286,    0.1429,    0.2857,    0.1429,    0.1429,    1.0000,    0.7143,    0.4286,    1.0000,    0.5714,    1.0000,    1.0000,    0.2857,    0.5714,    0.0000,    0.4286,    0.0000,    0.0000,    0.2857,    0.2857,    0.1429,    0.2857,    0.2857,    0.5714,    0.1429,    0.5714,    0.5714,    0.4286,    0.0000,    0.0000,    0.4286,    0.4286,    0.0000
seq9,    0.5556,    0.0000,    0.0000,    0.0000,    0.0000,    0.0000,    0.1111,    1.0000,    0.0000,    0.0000,    0.5556,    0.5556,    0.5556,    0.5556,    0.5556,    0.4444,    0.4444,    0.5556,    0.5556,    0.0000,    0.0000,    0.0000,    0.0000,    0.1111,    1.0000,    0.0000,    0.0000,    0.0000,    0.0000,    0.0000,    0.1111,    1.0000,    0.0000,    0.0000,    0.0000,    0.0000,    0.1111,    1.0000,    0.0000,    0.0000,    0.0000,    0.1111,    1.0000,    0.0000,    0.0000,    0.1111,    1.0000,    0.0000,    0.0000,    0.8889,    0.1111,    0.1111,    1.0000,    1.0000,    0.0000
Sum,    4.8586,    2.7110,    7.5417,    3.1465,   10.7240,    6.1131,    3.5164,    5.6647,    3.6364,    2.7917,    6.2969,   10.2336,    6.5732,   13.8250,    9.4717,    5.2967,    6.6622,    5.8889,    6.1275,    8.9670,    3.5646,   13.0584,    8.0384,    4.0911,    7.8678,    5.0747,    2.8663,    9.6881,    7.3534,   11.3452,    8.7247,   11.5992,    9.9280,    9.0833,   13.5296,    9.0096,    4.2311,    8.5889,    5.6010,    4.7563,   14.7300,   13.8995,   14.9006,   12.0195,   13.4248,    7.5462,   10.4206,    9.7495,    7.3214,    8.2922,    5.8801,    4.5808,    8.3844,    8.2063,    5.1553
Normalized Sum,-,-,-,-,-,-,-,-,-,-,    0.3314,    0.3655,    0.3460,    0.4767,    0.4736,    0.2788,    0.3028,    0.2944,    0.3225,    0.3202,    0.2097,    0.4503,    0.4019,    0.2153,    0.3576,    0.2537,    0.1592,    0.3460,    0.2536,    0.4052,    0.3116,    0.4143,    0.3546,    0.3244,    0.4665,    0.4505,    0.2227,    0.3904,    0.2801,    0.2642,    0.5079,    0.4793,    0.5138,    0.4145,    0.4629,    0.3773,    0.4737,    0.4875,    0.3661,    0.3769,    0.2940,    0.2411,    0.3811,    0.3730,    0.2578
Nodes,        19,        17,        28,        17,        29,        20,        19,        22,        20,        18

D_(T1,T2) Values:
D_(T_1,T_2) = 0.3480
D_(T_1,T_3) = 0.3602
D_(T_1,T_4) = 0.3227
D_(T_1,T_5) = 0.3164
D_(T_1,T_6) = 0.2297
D_(T_1,T_7) = 0.2549
D_(T_1,T_8) = 0.3225
D_(T_1,T_9) = 0.1493
D_(T_1,T_10) = 0.2950
D_(T_2,T_3) = 0.4189
D_(T_2,T_4) = 0.2336
D_(T_2,T_5) = 0.3728
D_(T_2,T_6) = 0.3348
D_(T_2,T_7) = 0.3838
D_(T_2,T_8) = 0.3823
D_(T_2,T_9) = 0.3428
D_(T_2,T_10) = 0.4267
D_(T_3,T_4) = 0.4089
D_(T_3,T_5) = 0.2085
D_(T_3,T_6) = 0.3860
D_(T_3,T_7) = 0.3487
D_(T_3,T_8) = 0.2989
D_(T_3,T_9) = 0.3713
D_(T_3,T_10) = 0.3344
D_(T_4,T_5) = 0.3635
D_(T_4,T_6) = 0.3353
D_(T_4,T_7) = 0.3684
D_(T_4,T_8) = 0.3696
D_(T_4,T_9) = 0.3485
D_(T_4,T_10) = 0.4019
D_(T_5,T_6) = 0.3282
D_(T_5,T_7) = 0.2894
D_(T_5,T_8) = 0.2272
D_(T_5,T_9) = 0.3218
D_(T_5,T_10) = 0.2806
D_(T_6,T_7) = 0.2834
D_(T_6,T_8) = 0.3275
D_(T_6,T_9) = 0.2061
D_(T_6,T_10) = 0.3442
D_(T_7,T_8) = 0.3042
D_(T_7,T_9) = 0.2512
D_(T_7,T_10) = 0.2322
D_(T_8,T_9) = 0.3393
D_(T_8,T_10) = 0.2917
D_(T_9,T_10) = 0.3109

P_(T1,T2) Values (Penalty):
P_(T_1,T_2) = 0.1053
P_(T_1,T_3) = 0.3214
P_(T_1,T_4) = 0.1053
P_(T_1,T_5) = 0.3448
P_(T_1,T_6) = 0.0500
P_(T_1,T_7) = 0.0000
P_(T_1,T_8) = 0.1364
P_(T_1,T_9) = 0.0500
P_(T_1,T_10) = 0.0526
P_(T_2,T_3) = 0.3929
P_(T_2,T_4) = 0.0000
P_(T_2,T_5) = 0.4138
P_(T_2,T_6) = 0.1500
P_(T_2,T_7) = 0.1053
P_(T_2,T_8) = 0.2273
P_(T_2,T_9) = 0.1500
P_(T_2,T_10) = 0.0556
P_(T_3,T_4) = 0.3929
P_(T_3,T_5) = 0.0345
P_(T_3,T_6) = 0.2857
P_(T_3,T_7) = 0.3214
P_(T_3,T_8) = 0.2143
P_(T_3,T_9) = 0.2857
P_(T_3,T_10) = 0.3571
P_(T_4,T_5) = 0.4138
P_(T_4,T_6) = 0.1500
P_(T_4,T_7) = 0.1053
P_(T_4,T_8) = 0.2273
P_(T_4,T_9) = 0.1500
P_(T_4,T_10) = 0.0556
P_(T_5,T_6) = 0.3103
P_(T_5,T_7) = 0.3448
P_(T_5,T_8) = 0.2414
P_(T_5,T_9) = 0.3103
P_(T_5,T_10) = 0.3793
P_(T_6,T_7) = 0.0500
P_(T_6,T_8) = 0.0909
P_(T_6,T_9) = 0.0000
P_(T_6,T_10) = 0.1000
P_(T_7,T_8) = 0.1364
P_(T_7,T_9) = 0.0500
P_(T_7,T_10) = 0.0526
P_(T_8,T_9) = 0.0909
P_(T_8,T_10) = 0.1818
P_(T_9,T_10) = 0.1000

W_(T1,T2) Values:
W_(T_1,T_2) = 0.3314
W_(T_1,T_3) = 0.3655
W_(T_1,T_4) = 0.3460
W_(T_1,T_5) = 0.4767
W_(T_1,T_6) = 0.4736
W_(T_1,T_7) = 0.2788
W_(T_1,T_8) = 0.3028
W_(T_1,T_9) = 0.2944
W_(T_1,T_10) = 0.3225
W_(T_2,T_3) = 0.3202
W_(T_2,T_4) = 0.2097
W_(T_2,T_5) = 0.4503
W_(T_2,T_6) = 0.4019
W_(T_2,T_7) = 0.2153
W_(T_2,T_8) = 0.3576
W_(T_2,T_9) = 0.2537
W_(T_2,T_10) = 0.1592
W_(T_3,T_4) = 0.3460
W_(T_3,T_5) = 0.2536
W_(T_3,T_6) = 0.4052
W_(T_3,T_7) = 0.3116
W_(T_3,T_8) = 0.4143
W_(T_3,T_9) = 0.3546
W_(T_3,T_10) = 0.3244
W_(T_4,T_5) = 0.4665
W_(T_4,T_6) = 0.4505
W_(T_4,T_7) = 0.2227
W_(T_4,T_8) = 0.3904
W_(T_4,T_9) = 0.2801
W_(T_4,T_10) = 0.2642
W_(T_5,T_6) = 0.5079
W_(T_5,T_7) = 0.4793
W_(T_5,T_8) = 0.5138
W_(T_5,T_9) = 0.4145
W_(T_5,T_10) = 0.4629
W_(T_6,T_7) = 0.3773
W_(T_6,T_8) = 0.4737
W_(T_6,T_9) = 0.4875
W_(T_6,T_10) = 0.3661
W_(T_7,T_8) = 0.3769
W_(T_7,T_9) = 0.2940
W_(T_7,T_10) = 0.2411
W_(T_8,T_9) = 0.3811
W_(T_8,T_10) = 0.3730
W_(T_9,T_10) = 0.2578

GBLD_(T1,T2) Values:
GBLD_(T_1,T_2) = 0.7847
GBLD_(T_1,T_3) = 1.0471
GBLD_(T_1,T_4) = 0.7739
GBLD_(T_1,T_5) = 1.1380
GBLD_(T_1,T_6) = 0.7533
GBLD_(T_1,T_7) = 0.5337
GBLD_(T_1,T_8) = 0.7616
GBLD_(T_1,T_9) = 0.4937
GBLD_(T_1,T_10) = 0.6702
GBLD_(T_2,T_3) = 1.1320
GBLD_(T_2,T_4) = 0.4433
GBLD_(T_2,T_5) = 1.2368
GBLD_(T_2,T_6) = 0.8867
GBLD_(T_2,T_7) = 0.7044
GBLD_(T_2,T_8) = 0.9672
GBLD_(T_2,T_9) = 0.7465
GBLD_(T_2,T_10) = 0.6415
GBLD_(T_3,T_4) = 1.1477
GBLD_(T_3,T_5) = 0.4965
GBLD_(T_3,T_6) = 1.0769
GBLD_(T_3,T_7) = 0.9818
GBLD_(T_3,T_8) = 0.9274
GBLD_(T_3,T_9) = 1.0116
GBLD_(T_3,T_10) = 1.0159
GBLD_(T_4,T_5) = 1.2438
GBLD_(T_4,T_6) = 0.9358
GBLD_(T_4,T_7) = 0.6963
GBLD_(T_4,T_8) = 0.9873
GBLD_(T_4,T_9) = 0.7785
GBLD_(T_4,T_10) = 0.7217
GBLD_(T_5,T_6) = 1.1465
GBLD_(T_5,T_7) = 1.1135
GBLD_(T_5,T_8) = 0.9823
GBLD_(T_5,T_9) = 1.0466
GBLD_(T_5,T_10) = 1.1228
GBLD_(T_6,T_7) = 0.7108
GBLD_(T_6,T_8) = 0.8921
GBLD_(T_6,T_9) = 0.6935
GBLD_(T_6,T_10) = 0.8103
GBLD_(T_7,T_8) = 0.8175
GBLD_(T_7,T_9) = 0.5952
GBLD_(T_7,T_10) = 0.5259
GBLD_(T_8,T_9) = 0.8114
GBLD_(T_8,T_10) = 0.8466
GBLD_(T_9,T_10) = 0.6687

Normalized Distances:
T_1: ,seq16,      seq17,      seq8,      seq7,      seq18,      seq15,      seq11,      seq10,      seq12,      seq13,      seq2,      seq4,      seq3,      seq6
seq16,    0.0000,    0.4286,    0.2857,    0.2857,    0.2857,    0.2857,    0.4286,    0.4286,    0.4286,    0.5714,    0.5714,    0.5714,    0.5714,    0.7143
seq17,    0.4286,    0.0000,    0.4286,    0.4286,    0.4286,    0.4286,    0.5714,    0.5714,    0.5714,    0.7143,    0.7143,    0.7143,    0.7143,    0.8571
seq8,    0.2857,    0.4286,    0.0000,    0.2857,    0.2857,    0.2857,    0.4286,    0.4286,    0.4286,    0.5714,    0.5714,    0.5714,    0.5714,    0.7143
seq7,    0.2857,    0.4286,    0.2857,    0.0000,    0.2857,    0.2857,    0.4286,    0.4286,    0.4286,    0.5714,    0.5714,    0.5714,    0.5714,    0.7143
seq18,    0.2857,    0.4286,    0.2857,    0.2857,    0.0000,    0.2857,    0.4286,    0.4286,    0.4286,    0.5714,    0.5714,    0.5714,    0.5714,    0.7143
seq15,    0.2857,    0.4286,    0.2857,    0.2857,    0.2857,    0.0000,    0.4286,    0.4286,    0.4286,    0.5714,    0.5714,    0.5714,    0.5714,    0.7143
seq11,    0.4286,    0.5714,    0.4286,    0.4286,    0.4286,    0.4286,    0.0000,    0.2857,    0.2857,    0.4286,    0.7143,    0.7143,    0.7143,    0.8571
seq10,    0.4286,    0.5714,    0.4286,    0.4286,    0.4286,    0.4286,    0.2857,    0.0000,    0.2857,    0.4286,    0.7143,    0.7143,    0.7143,    0.8571
seq12,    0.4286,    0.5714,    0.4286,    0.4286,    0.4286,    0.4286,    0.2857,    0.2857,    0.0000,    0.4286,    0.7143,    0.7143,    0.7143,    0.8571
seq13,    0.5714,    0.7143,    0.5714,    0.5714,    0.5714,    0.5714,    0.4286,    0.4286,    0.4286,    0.0000,    0.8571,    0.8571,    0.8571,    1.0000
seq2,    0.5714,    0.7143,    0.5714,    0.5714,    0.5714,    0.5714,    0.7143,    0.7143,    0.7143,    0.8571,    0.0000,    0.2857,    0.2857,    0.4286
seq4,    0.5714,    0.7143,    0.5714,    0.5714,    0.5714,    0.5714,    0.7143,    0.7143,    0.7143,    0.8571,    0.2857,    0.0000,    0.2857,    0.4286
seq3,    0.5714,    0.7143,    0.5714,    0.5714,    0.5714,    0.5714,    0.7143,    0.7143,    0.7143,    0.8571,    0.2857,    0.2857,    0.0000,    0.4286
seq6,    0.7143,    0.8571,    0.7143,    0.7143,    0.7143,    0.7143,    0.8571,    0.8571,    0.8571,    1.0000,    0.4286,    0.4286,    0.4286,    0.0000

T_2: ,seq14,      seq15,      seq1,      seq13,      seq11,      seq8,      seq2,      seq9,      seq4,      seq5,      seq12
seq14,    0.0000,    0.3333,    1.0000,    0.6667,    0.6667,    0.6667,    0.8333,    1.0000,    0.8333,    1.0000,    0.6667
seq15,    0.3333,    0.0000,    1.0000,    0.6667,    0.6667,    0.6667,    0.8333,    1.0000,    0.8333,    1.0000,    0.6667
seq1,    1.0000,    1.0000,    0.0000,    0.6667,    0.6667,    0.6667,    0.8333,    1.0000,    0.8333,    1.0000,    0.6667
seq13,    0.6667,    0.6667,    0.6667,    0.0000,    0.3333,    0.3333,    0.5000,    0.6667,    0.5000,    0.6667,    0.3333
seq11,    0.6667,    0.6667,    0.6667,    0.3333,    0.0000,    0.3333,    0.5000,    0.6667,    0.5000,    0.6667,    0.3333
seq8,    0.6667,    0.6667,    0.6667,    0.3333,    0.3333,    0.0000,    0.5000,    0.6667,    0.5000,    0.6667,    0.3333
seq2,    0.8333,    0.8333,    0.8333,    0.5000,    0.5000,    0.5000,    0.0000,    0.8333,    0.6667,    0.8333,    0.5000
seq9,    1.0000,    1.0000,    1.0000,    0.6667,    0.6667,    0.6667,    0.8333,    0.0000,    0.8333,    1.0000,    0.6667
seq4,    0.8333,    0.8333,    0.8333,    0.5000,    0.5000,    0.5000,    0.6667,    0.8333,    0.0000,    0.5000,    0.5000
seq5,    1.0000,    1.0000,    1.0000,    0.6667,    0.6667,    0.6667,    0.8333,    1.0000,    0.5000,    0.0000,    0.6667
seq12,    0.6667,    0.6667,    0.6667,    0.3333,    0.3333,    0.3333,    0.5000,    0.6667,    0.5000,    0.6667,    0.0000

T_3: ,seq18,      seq25,      seq22,      seq26,      seq27,      seq24,      seq23,      seq19,      seq20,      seq16,      seq3,      seq2,      seq6,      seq4,      seq15,      seq7,      seq9,      seq11,      seq10,      seq14,      seq12
seq18,    0.0000,    0.3333,    0.3333,    0.3333,    0.5000,    0.3333,    0.5000,    0.3333,    0.5000,    0.5000,    0.6667,    0.5000,    0.5000,    0.6667,    0.5000,    0.5000,    0.5000,    0.5000,    0.5000,    0.6667,    0.6667
seq25,    0.3333,    0.0000,    0.3333,    0.3333,    0.5000,    0.3333,    0.5000,    0.3333,    0.5000,    0.5000,    0.6667,    0.5000,    0.5000,    0.6667,    0.5000,    0.5000,    0.5000,    0.5000,    0.5000,    0.6667,    0.6667
seq22,    0.3333,    0.3333,    0.0000,    0.3333,    0.5000,    0.3333,    0.5000,    0.3333,    0.5000,    0.5000,    0.6667,    0.5000,    0.5000,    0.6667,    0.5000,    0.5000,    0.5000,    0.5000,    0.5000,    0.6667,    0.6667
seq26,    0.3333,    0.3333,    0.3333,    0.0000,    0.5000,    0.3333,    0.5000,    0.3333,    0.5000,    0.5000,    0.6667,    0.5000,    0.5000,    0.6667,    0.5000,    0.5000,    0.5000,    0.5000,    0.5000,    0.6667,    0.6667
seq27,    0.5000,    0.5000,    0.5000,    0.5000,    0.0000,    0.5000,    0.6667,    0.5000,    0.6667,    0.6667,    0.8333,    0.6667,    0.6667,    0.8333,    0.6667,    0.6667,    0.6667,    0.6667,    0.6667,    0.8333,    0.8333
seq24,    0.3333,    0.3333,    0.3333,    0.3333,    0.5000,    0.0000,    0.5000,    0.3333,    0.5000,    0.5000,    0.6667,    0.5000,    0.5000,    0.6667,    0.5000,    0.5000,    0.5000,    0.5000,    0.5000,    0.6667,    0.6667
seq23,    0.5000,    0.5000,    0.5000,    0.5000,    0.6667,    0.5000,    0.0000,    0.5000,    0.6667,    0.6667,    0.8333,    0.6667,    0.6667,    0.8333,    0.6667,    0.6667,    0.6667,    0.6667,    0.6667,    0.8333,    0.8333
seq19,    0.3333,    0.3333,    0.3333,    0.3333,    0.5000,    0.3333,    0.5000,    0.0000,    0.5000,    0.5000,    0.6667,    0.5000,    0.5000,    0.6667,    0.5000,    0.5000,    0.5000,    0.5000,    0.5000,    0.6667,    0.6667
seq20,    0.5000,    0.5000,    0.5000,    0.5000,    0.6667,    0.5000,    0.6667,    0.5000,    0.0000,    0.6667,    0.8333,    0.6667,    0.6667,    0.8333,    0.6667,    0.6667,    0.6667,    0.6667,    0.6667,    0.8333,    0.8333
seq16,    0.5000,    0.5000,    0.5000,    0.5000,    0.6667,    0.5000,    0.6667,    0.5000,    0.6667,    0.0000,    0.8333,    0.6667,    0.6667,    0.8333,    0.6667,    0.6667,    0.6667,    0.6667,    0.6667,    0.8333,    0.8333
seq3,    0.6667,    0.6667,    0.6667,    0.6667,    0.8333,    0.6667,    0.8333,    0.6667,    0.8333,    0.8333,    0.0000,    0.5000,    0.5000,    0.6667,    0.8333,    0.8333,    0.8333,    0.8333,    0.8333,    1.0000,    1.0000
seq2,    0.5000,    0.5000,    0.5000,    0.5000,    0.6667,    0.5000,    0.6667,    0.5000,    0.6667,    0.6667,    0.5000,    0.0000,    0.3333,    0.5000,    0.6667,    0.6667,    0.6667,    0.6667,    0.6667,    0.8333,    0.8333
seq6,    0.5000,    0.5000,    0.5000,    0.5000,    0.6667,    0.5000,    0.6667,    0.5000,    0.6667,    0.6667,    0.5000,    0.3333,    0.0000,    0.5000,    0.6667,    0.6667,    0.6667,    0.6667,    0.6667,    0.8333,    0.8333
seq4,    0.6667,    0.6667,    0.6667,    0.6667,    0.8333,    0.6667,    0.8333,    0.6667,    0.8333,    0.8333,    0.6667,    0.5000,    0.5000,    0.0000,    0.8333,    0.8333,    0.8333,    0.8333,    0.8333,    1.0000,    1.0000
seq15,    0.5000,    0.5000,    0.5000,    0.5000,    0.6667,    0.5000,    0.6667,    0.5000,    0.6667,    0.6667,    0.8333,    0.6667,    0.6667,    0.8333,    0.0000,    0.3333,    0.3333,    0.3333,    0.3333,    0.5000,    0.5000
seq7,    0.5000,    0.5000,    0.5000,    0.5000,    0.6667,    0.5000,    0.6667,    0.5000,    0.6667,    0.6667,    0.8333,    0.6667,    0.6667,    0.8333,    0.3333,    0.0000,    0.3333,    0.3333,    0.3333,    0.5000,    0.5000
seq9,    0.5000,    0.5000,    0.5000,    0.5000,    0.6667,    0.5000,    0.6667,    0.5000,    0.6667,    0.6667,    0.8333,    0.6667,    0.6667,    0.8333,    0.3333,    0.3333,    0.0000,    0.3333,    0.3333,    0.5000,    0.5000
seq11,    0.5000,    0.5000,    0.5000,    0.5000,    0.6667,    0.5000,    0.6667,    0.5000,    0.6667,    0.6667,    0.8333,    0.6667,    0.6667,    0.8333,    0.3333,    0.3333,    0.3333,    0.0000,    0.3333,    0.5000,    0.5000
seq10,    0.5000,    0.5000,    0.5000,    0.5000,    0.6667,    0.5000,    0.6667,    0.5000,    0.6667,    0.6667,    0.8333,    0.6667,    0.6667,    0.8333,    0.3333,    0.3333,    0.3333,    0.3333,    0.0000,    0.5000,    0.5000
seq14,    0.6667,    0.6667,    0.6667,    0.6667,    0.8333,    0.6667,    0.8333,    0.6667,    0.8333,    0.8333,    1.0000,    0.8333,    0.8333,    1.0000,    0.5000,    0.5000,    0.5000,    0.5000,    0.5000,    0.0000,    0.3333
seq12,    0.6667,    0.6667,    0.6667,    0.6667,    0.8333,    0.6667,    0.8333,    0.6667,    0.8333,    0.8333,    1.0000,    0.8333,    0.8333,    1.0000,    0.5000,    0.5000,    0.5000,    0.5000,    0.5000,    0.3333,    0.0000

T_4: ,seq6,      seq1,      seq5,      seq4,      seq2,      seq9,      seq12,      seq10,      seq13,      seq14,      seq16
seq6,    0.0000,    0.2857,    0.2857,    0.2857,    0.4286,    0.7143,    0.4286,    0.4286,    0.4286,    0.4286,    0.5714
seq1,    0.2857,    0.0000,    0.2857,    0.2857,    0.4286,    0.7143,    0.4286,    0.4286,    0.4286,    0.4286,    0.5714
seq5,    0.2857,    0.2857,    0.0000,    0.2857,    0.4286,    0.7143,    0.4286,    0.4286,    0.4286,    0.4286,    0.5714
seq4,    0.2857,    0.2857,    0.2857,    0.0000,    0.4286,    0.7143,    0.4286,    0.4286,    0.4286,    0.4286,    0.5714
seq2,    0.4286,    0.4286,    0.4286,    0.4286,    0.0000,    0.8571,    0.5714,    0.5714,    0.5714,    0.5714,    0.7143
seq9,    0.7143,    0.7143,    0.7143,    0.7143,    0.8571,    0.0000,    0.8571,    0.8571,    0.8571,    0.8571,    1.0000
seq12,    0.4286,    0.4286,    0.4286,    0.4286,    0.5714,    0.8571,    0.0000,    0.2857,    0.2857,    0.2857,    0.4286
seq10,    0.4286,    0.4286,    0.4286,    0.4286,    0.5714,    0.8571,    0.2857,    0.0000,    0.2857,    0.2857,    0.4286
seq13,    0.4286,    0.4286,    0.4286,    0.4286,    0.5714,    0.8571,    0.2857,    0.2857,    0.0000,    0.2857,    0.4286
seq14,    0.4286,    0.4286,    0.4286,    0.4286,    0.5714,    0.8571,    0.2857,    0.2857,    0.2857,    0.0000,    0.4286
seq16,    0.5714,    0.5714,    0.5714,    0.5714,    0.7143,    1.0000,    0.4286,    0.4286,    0.4286,    0.4286,    0.0000

T_5: ,seq1,      seq2,      seq5,      seq6,      seq3,      seq13,      seq15,      seq16,      seq9,      seq14,      seq12,      seq7,      seq17,      seq25,      seq24,      seq28,      seq26,      seq20,      seq21,      seq19
seq1,    0.0000,    0.5556,    0.4444,    0.4444,    0.5556,    0.3333,    0.3333,    0.3333,    0.6667,    0.3333,    0.6667,    0.4444,    0.5556,    0.3333,    0.4444,    0.3333,    0.4444,    0.4444,    0.4444,    0.4444
seq2,    0.5556,    0.0000,    0.3333,    0.3333,    0.4444,    0.6667,    0.6667,    0.6667,    1.0000,    0.6667,    1.0000,    0.7778,    0.8889,    0.6667,    0.7778,    0.6667,    0.7778,    0.7778,    0.7778,    0.7778
seq5,    0.4444,    0.3333,    0.0000,    0.2222,    0.3333,    0.5556,    0.5556,    0.5556,    0.8889,    0.5556,    0.8889,    0.6667,    0.7778,    0.5556,    0.6667,    0.5556,    0.6667,    0.6667,    0.6667,    0.6667
seq6,    0.4444,    0.3333,    0.2222,    0.0000,    0.3333,    0.5556,    0.5556,    0.5556,    0.8889,    0.5556,    0.8889,    0.6667,    0.7778,    0.5556,    0.6667,    0.5556,    0.6667,    0.6667,    0.6667,    0.6667
seq3,    0.5556,    0.4444,    0.3333,    0.3333,    0.0000,    0.6667,    0.6667,    0.6667,    1.0000,    0.6667,    1.0000,    0.7778,    0.8889,    0.6667,    0.7778,    0.6667,    0.7778,    0.7778,    0.7778,    0.7778
seq13,    0.3333,    0.6667,    0.5556,    0.5556,    0.6667,    0.0000,    0.2222,    0.2222,    0.5556,    0.2222,    0.5556,    0.3333,    0.6667,    0.4444,    0.5556,    0.4444,    0.5556,    0.5556,    0.5556,    0.5556
seq15,    0.3333,    0.6667,    0.5556,    0.5556,    0.6667,    0.2222,    0.0000,    0.2222,    0.5556,    0.2222,    0.5556,    0.3333,    0.6667,    0.4444,    0.5556,    0.4444,    0.5556,    0.5556,    0.5556,    0.5556
seq16,    0.3333,    0.6667,    0.5556,    0.5556,    0.6667,    0.2222,    0.2222,    0.0000,    0.5556,    0.2222,    0.5556,    0.3333,    0.6667,    0.4444,    0.5556,    0.4444,    0.5556,    0.5556,    0.5556,    0.5556
seq9,    0.6667,    1.0000,    0.8889,    0.8889,    1.0000,    0.5556,    0.5556,    0.5556,    0.0000,    0.5556,    0.8889,    0.6667,    1.0000,    0.7778,    0.8889,    0.7778,    0.8889,    0.8889,    0.8889,    0.8889
seq14,    0.3333,    0.6667,    0.5556,    0.5556,    0.6667,    0.2222,    0.2222,    0.2222,    0.5556,    0.0000,    0.5556,    0.3333,    0.6667,    0.4444,    0.5556,    0.4444,    0.5556,    0.5556,    0.5556,    0.5556
seq12,    0.6667,    1.0000,    0.8889,    0.8889,    1.0000,    0.5556,    0.5556,    0.5556,    0.8889,    0.5556,    0.0000,    0.6667,    1.0000,    0.7778,    0.8889,    0.7778,    0.8889,    0.8889,    0.8889,    0.8889
seq7,    0.4444,    0.7778,    0.6667,    0.6667,    0.7778,    0.3333,    0.3333,    0.3333,    0.6667,    0.3333,    0.6667,    0.0000,    0.7778,    0.5556,    0.6667,    0.5556,    0.6667,    0.6667,    0.6667,    0.6667
seq17,    0.5556,    0.8889,    0.7778,    0.7778,    0.8889,    0.6667,    0.6667,    0.6667,    1.0000,    0.6667,    1.0000,    0.7778,    0.0000,    0.4444,    0.5556,    0.4444,    0.5556,    0.5556,    0.5556,    0.5556
seq25,    0.3333,    0.6667,    0.5556,    0.5556,    0.6667,    0.4444,    0.4444,    0.4444,    0.7778,    0.4444,    0.7778,    0.5556,    0.4444,    0.0000,    0.3333,    0.2222,    0.3333,    0.3333,    0.3333,    0.3333
seq24,    0.4444,    0.7778,    0.6667,    0.6667,    0.7778,    0.5556,    0.5556,    0.5556,    0.8889,    0.5556,    0.8889,    0.6667,    0.5556,    0.3333,    0.0000,    0.3333,    0.4444,    0.4444,    0.4444,    0.4444
seq28,    0.3333,    0.6667,    0.5556,    0.5556,    0.6667,    0.4444,    0.4444,    0.4444,    0.7778,    0.4444,    0.7778,    0.5556,    0.4444,    0.2222,    0.3333,    0.0000,    0.3333,    0.3333,    0.3333,    0.3333
seq26,    0.4444,    0.7778,    0.6667,    0.6667,    0.7778,    0.5556,    0.5556,    0.5556,    0.8889,    0.5556,    0.8889,    0.6667,    0.5556,    0.3333,    0.4444,    0.3333,    0.0000,    0.4444,    0.4444,    0.4444
seq20,    0.4444,    0.7778,    0.6667,    0.6667,    0.7778,    0.5556,    0.5556,    0.5556,    0.8889,    0.5556,    0.8889,    0.6667,    0.5556,    0.3333,    0.4444,    0.3333,    0.4444,    0.0000,    0.2222,    0.2222
seq21,    0.4444,    0.7778,    0.6667,    0.6667,    0.7778,    0.5556,    0.5556,    0.5556,    0.8889,    0.5556,    0.8889,    0.6667,    0.5556,    0.3333,    0.4444,    0.3333,    0.4444,    0.2222,    0.0000,    0.2222
seq19,    0.4444,    0.7778,    0.6667,    0.6667,    0.7778,    0.5556,    0.5556,    0.5556,    0.8889,    0.5556,    0.8889,    0.6667,    0.5556,    0.3333,    0.4444,    0.3333,    0.4444,    0.2222,    0.2222,    0.0000

T_6: ,seq3,      seq2,      seq7,      seq5,      seq6,      seq10,      seq9,      seq18,      seq15,      seq14,      seq19,      seq16,      seq17,      seq13
seq3,    0.0000,    0.4286,    0.5714,    0.5714,    0.5714,    1.0000,    1.0000,    0.8571,    0.8571,    0.8571,    0.8571,    0.8571,    0.8571,    1.0000
seq2,    0.4286,    0.0000,    0.4286,    0.4286,    0.4286,    0.8571,    0.8571,    0.7143,    0.7143,    0.7143,    0.7143,    0.7143,    0.7143,    0.8571
seq7,    0.5714,    0.4286,    0.0000,    0.2857,    0.2857,    1.0000,    1.0000,    0.8571,    0.8571,    0.8571,    0.8571,    0.8571,    0.8571,    1.0000
seq5,    0.5714,    0.4286,    0.2857,    0.0000,    0.2857,    1.0000,    1.0000,    0.8571,    0.8571,    0.8571,    0.8571,    0.8571,    0.8571,    1.0000
seq6,    0.5714,    0.4286,    0.2857,    0.2857,    0.0000,    1.0000,    1.0000,    0.8571,    0.8571,    0.8571,    0.8571,    0.8571,    0.8571,    1.0000
seq10,    1.0000,    0.8571,    1.0000,    1.0000,    1.0000,    0.0000,    0.2857,    0.7143,    0.7143,    0.7143,    0.7143,    0.7143,    0.7143,    0.8571
seq9,    1.0000,    0.8571,    1.0000,    1.0000,    1.0000,    0.2857,    0.0000,    0.7143,    0.7143,    0.7143,    0.7143,    0.7143,    0.7143,    0.8571
seq18,    0.8571,    0.7143,    0.8571,    0.8571,    0.8571,    0.7143,    0.7143,    0.0000,    0.2857,    0.2857,    0.2857,    0.2857,    0.2857,    0.4286
seq15,    0.8571,    0.7143,    0.8571,    0.8571,    0.8571,    0.7143,    0.7143,    0.2857,    0.0000,    0.2857,    0.2857,    0.2857,    0.2857,    0.4286
seq14,    0.8571,    0.7143,    0.8571,    0.8571,    0.8571,    0.7143,    0.7143,    0.2857,    0.2857,    0.0000,    0.2857,    0.2857,    0.2857,    0.4286
seq19,    0.8571,    0.7143,    0.8571,    0.8571,    0.8571,    0.7143,    0.7143,    0.2857,    0.2857,    0.2857,    0.0000,    0.2857,    0.2857,    0.4286
seq16,    0.8571,    0.7143,    0.8571,    0.8571,    0.8571,    0.7143,    0.7143,    0.2857,    0.2857,    0.2857,    0.2857,    0.0000,    0.2857,    0.4286
seq17,    0.8571,    0.7143,    0.8571,    0.8571,    0.8571,    0.7143,    0.7143,    0.2857,    0.2857,    0.2857,    0.2857,    0.2857,    0.0000,    0.4286
seq13,    1.0000,    0.8571,    1.0000,    1.0000,    1.0000,    0.8571,    0.8571,    0.4286,    0.4286,    0.4286,    0.4286,    0.4286,    0.4286,    0.0000

T_7: ,seq14,      seq17,      seq16,      seq3,      seq18,      seq13,      seq4,      seq15,      seq1,      seq8,      seq10,      seq9,      seq5,      seq12,      seq7
seq14,    0.0000,    0.6000,    0.4000,    0.4000,    0.4000,    0.6000,    0.4000,    0.4000,    0.6000,    0.6000,    0.6000,    0.6000,    0.6000,    0.6000,    0.8000
seq17,    0.6000,    0.0000,    0.6000,    0.6000,    0.6000,    0.8000,    0.6000,    0.6000,    0.8000,    0.8000,    0.8000,    0.8000,    0.8000,    0.8000,    1.0000
seq16,    0.4000,    0.6000,    0.0000,    0.4000,    0.4000,    0.6000,    0.4000,    0.4000,    0.6000,    0.6000,    0.6000,    0.6000,    0.6000,    0.6000,    0.8000
seq3,    0.4000,    0.6000,    0.4000,    0.0000,    0.4000,    0.6000,    0.4000,    0.4000,    0.6000,    0.6000,    0.6000,    0.6000,    0.6000,    0.6000,    0.8000
seq18,    0.4000,    0.6000,    0.4000,    0.4000,    0.0000,    0.6000,    0.4000,    0.4000,    0.6000,    0.6000,    0.6000,    0.6000,    0.6000,    0.6000,    0.8000
seq13,    0.6000,    0.8000,    0.6000,    0.6000,    0.6000,    0.0000,    0.6000,    0.6000,    0.8000,    0.8000,    0.8000,    0.8000,    0.8000,    0.8000,    1.0000
seq4,    0.4000,    0.6000,    0.4000,    0.4000,    0.4000,    0.6000,    0.0000,    0.4000,    0.6000,    0.6000,    0.6000,    0.6000,    0.6000,    0.6000,    0.8000
seq15,    0.4000,    0.6000,    0.4000,    0.4000,    0.4000,    0.6000,    0.4000,    0.0000,    0.6000,    0.6000,    0.6000,    0.6000,    0.6000,    0.6000,    0.8000
seq1,    0.6000,    0.8000,    0.6000,    0.6000,    0.6000,    0.8000,    0.6000,    0.6000,    0.0000,    0.8000,    0.8000,    0.8000,    0.8000,    0.8000,    1.0000
seq8,    0.6000,    0.8000,    0.6000,    0.6000,    0.6000,    0.8000,    0.6000,    0.6000,    0.8000,    0.0000,    0.4000,    0.4000,    0.4000,    0.4000,    0.6000
seq10,    0.6000,    0.8000,    0.6000,    0.6000,    0.6000,    0.8000,    0.6000,    0.6000,    0.8000,    0.4000,    0.0000,    0.4000,    0.4000,    0.4000,    0.6000
seq9,    0.6000,    0.8000,    0.6000,    0.6000,    0.6000,    0.8000,    0.6000,    0.6000,    0.8000,    0.4000,    0.4000,    0.0000,    0.4000,    0.4000,    0.6000
seq5,    0.6000,    0.8000,    0.6000,    0.6000,    0.6000,    0.8000,    0.6000,    0.6000,    0.8000,    0.4000,    0.4000,    0.4000,    0.0000,    0.4000,    0.6000
seq12,    0.6000,    0.8000,    0.6000,    0.6000,    0.6000,    0.8000,    0.6000,    0.6000,    0.8000,    0.4000,    0.4000,    0.4000,    0.4000,    0.0000,    0.6000
seq7,    0.8000,    1.0000,    0.8000,    0.8000,    0.8000,    1.0000,    0.8000,    0.8000,    1.0000,    0.6000,    0.6000,    0.6000,    0.6000,    0.6000,    0.0000

T_8: ,seq4,      seq3,      seq2,      seq6,      seq7,      seq5,      seq8,      seq10,      seq18,      seq16,      seq17,      seq12,      seq13,      seq11,      seq19,      seq20,      seq15,      seq21
seq4,    0.0000,    0.2857,    0.4286,    0.4286,    0.4286,    0.2857,    0.2857,    0.5714,    0.5714,    0.5714,    0.7143,    0.5714,    0.5714,    0.5714,    0.5714,    0.5714,    0.8571,    0.5714
seq3,    0.2857,    0.0000,    0.4286,    0.4286,    0.4286,    0.2857,    0.2857,    0.5714,    0.5714,    0.5714,    0.7143,    0.5714,    0.5714,    0.5714,    0.5714,    0.5714,    0.8571,    0.5714
seq2,    0.4286,    0.4286,    0.0000,    0.5714,    0.5714,    0.4286,    0.4286,    0.7143,    0.7143,    0.7143,    0.8571,    0.7143,    0.7143,    0.7143,    0.7143,    0.7143,    1.0000,    0.7143
seq6,    0.4286,    0.4286,    0.5714,    0.0000,    0.2857,    0.4286,    0.4286,    0.7143,    0.7143,    0.7143,    0.8571,    0.7143,    0.7143,    0.7143,    0.7143,    0.7143,    1.0000,    0.7143
seq7,    0.4286,    0.4286,    0.5714,    0.2857,    0.0000,    0.4286,    0.4286,    0.7143,    0.7143,    0.7143,    0.8571,    0.7143,    0.7143,    0.7143,    0.7143,    0.7143,    1.0000,    0.7143
seq5,    0.2857,    0.2857,    0.4286,    0.4286,    0.4286,    0.0000,    0.2857,    0.5714,    0.5714,    0.5714,    0.7143,    0.5714,    0.5714,    0.5714,    0.5714,    0.5714,    0.8571,    0.5714
seq8,    0.2857,    0.2857,    0.4286,    0.4286,    0.4286,    0.2857,    0.0000,    0.5714,    0.5714,    0.5714,    0.7143,    0.5714,    0.5714,    0.5714,    0.5714,    0.5714,    0.8571,    0.5714
seq10,    0.5714,    0.5714,    0.7143,    0.7143,    0.7143,    0.5714,    0.5714,    0.0000,    0.2857,    0.2857,    0.4286,    0.2857,    0.2857,    0.2857,    0.2857,    0.2857,    0.5714,    0.2857
seq18,    0.5714,    0.5714,    0.7143,    0.7143,    0.7143,    0.5714,    0.5714,    0.2857,    0.0000,    0.2857,    0.4286,    0.2857,    0.2857,    0.2857,    0.2857,    0.2857,    0.5714,    0.2857
seq16,    0.5714,    0.5714,    0.7143,    0.7143,    0.7143,    0.5714,    0.5714,    0.2857,    0.2857,    0.0000,    0.4286,    0.2857,    0.2857,    0.2857,    0.2857,    0.2857,    0.5714,    0.2857
seq17,    0.7143,    0.7143,    0.8571,    0.8571,    0.8571,    0.7143,    0.7143,    0.4286,    0.4286,    0.4286,    0.0000,    0.4286,    0.4286,    0.4286,    0.4286,    0.4286,    0.7143,    0.4286
seq12,    0.5714,    0.5714,    0.7143,    0.7143,    0.7143,    0.5714,    0.5714,    0.2857,    0.2857,    0.2857,    0.4286,    0.0000,    0.2857,    0.2857,    0.2857,    0.2857,    0.5714,    0.2857
seq13,    0.5714,    0.5714,    0.7143,    0.7143,    0.7143,    0.5714,    0.5714,    0.2857,    0.2857,    0.2857,    0.4286,    0.2857,    0.0000,    0.2857,    0.2857,    0.2857,    0.5714,    0.2857
seq11,    0.5714,    0.5714,    0.7143,    0.7143,    0.7143,    0.5714,    0.5714,    0.2857,    0.2857,    0.2857,    0.4286,    0.2857,    0.2857,    0.0000,    0.2857,    0.2857,    0.5714,    0.2857
seq19,    0.5714,    0.5714,    0.7143,    0.7143,    0.7143,    0.5714,    0.5714,    0.2857,    0.2857,    0.2857,    0.4286,    0.2857,    0.2857,    0.2857,    0.0000,    0.2857,    0.5714,    0.2857
seq20,    0.5714,    0.5714,    0.7143,    0.7143,    0.7143,    0.5714,    0.5714,    0.2857,    0.2857,    0.2857,    0.4286,    0.2857,    0.2857,    0.2857,    0.2857,    0.0000,    0.5714,    0.2857
seq15,    0.8571,    0.8571,    1.0000,    1.0000,    1.0000,    0.8571,    0.8571,    0.5714,    0.5714,    0.5714,    0.7143,    0.5714,    0.5714,    0.5714,    0.5714,    0.5714,    0.0000,    0.5714
seq21,    0.5714,    0.5714,    0.7143,    0.7143,    0.7143,    0.5714,    0.5714,    0.2857,    0.2857,    0.2857,    0.4286,    0.2857,    0.2857,    0.2857,    0.2857,    0.2857,    0.5714,    0.0000

T_9: ,seq1,      seq3,      seq2,      seq9,      seq6,      seq8,      seq4,      seq13,      seq10,      seq11,      seq16,      seq15,      seq17,      seq19
seq1,    0.0000,    0.8333,    0.6667,    0.6667,    0.6667,    0.8333,    0.8333,    0.8333,    0.8333,    1.0000,    1.0000,    1.0000,    1.0000,    0.8333
seq3,    0.8333,    0.0000,    0.5000,    0.5000,    0.5000,    0.6667,    0.6667,    0.6667,    0.6667,    0.8333,    0.8333,    0.8333,    0.8333,    0.6667
seq2,    0.6667,    0.5000,    0.0000,    0.3333,    0.3333,    0.5000,    0.5000,    0.5000,    0.5000,    0.6667,    0.6667,    0.6667,    0.6667,    0.5000
seq9,    0.6667,    0.5000,    0.3333,    0.0000,    0.3333,    0.5000,    0.5000,    0.5000,    0.5000,    0.6667,    0.6667,    0.6667,    0.6667,    0.5000
seq6,    0.6667,    0.5000,    0.3333,    0.3333,    0.0000,    0.5000,    0.5000,    0.5000,    0.5000,    0.6667,    0.6667,    0.6667,    0.6667,    0.5000
seq8,    0.8333,    0.6667,    0.5000,    0.5000,    0.5000,    0.0000,    0.6667,    0.6667,    0.6667,    0.8333,    0.8333,    0.8333,    0.8333,    0.6667
seq4,    0.8333,    0.6667,    0.5000,    0.5000,    0.5000,    0.6667,    0.0000,    0.6667,    0.6667,    0.8333,    0.8333,    0.8333,    0.8333,    0.6667
seq13,    0.8333,    0.6667,    0.5000,    0.5000,    0.5000,    0.6667,    0.6667,    0.0000,    0.3333,    0.5000,    0.8333,    0.8333,    0.8333,    0.6667
seq10,    0.8333,    0.6667,    0.5000,    0.5000,    0.5000,    0.6667,    0.6667,    0.3333,    0.0000,    0.5000,    0.8333,    0.8333,    0.8333,    0.6667
seq11,    1.0000,    0.8333,    0.6667,    0.6667,    0.6667,    0.8333,    0.8333,    0.5000,    0.5000,    0.0000,    1.0000,    1.0000,    1.0000,    0.8333
seq16,    1.0000,    0.8333,    0.6667,    0.6667,    0.6667,    0.8333,    0.8333,    0.8333,    0.8333,    1.0000,    0.0000,    0.6667,    0.6667,    0.5000
seq15,    1.0000,    0.8333,    0.6667,    0.6667,    0.6667,    0.8333,    0.8333,    0.8333,    0.8333,    1.0000,    0.6667,    0.0000,    0.6667,    0.5000
seq17,    1.0000,    0.8333,    0.6667,    0.6667,    0.6667,    0.8333,    0.8333,    0.8333,    0.8333,    1.0000,    0.6667,    0.6667,    0.0000,    0.5000
seq19,    0.8333,    0.6667,    0.5000,    0.5000,    0.5000,    0.6667,    0.6667,    0.6667,    0.6667,    0.8333,    0.5000,    0.5000,    0.5000,    0.0000

T_10: ,seq11,      seq6,      seq3,      seq5,      seq2,      seq12,      seq13,      seq7,      seq8,      seq4,      seq10,      seq9,      seq1,      seq15,      seq14,      seq17
seq11,    0.0000,    0.6667,    0.5000,    0.5000,    0.5000,    0.5000,    0.5000,    0.5000,    0.5000,    0.5000,    0.5000,    0.5000,    0.8333,    0.6667,    0.8333,    0.6667
seq6,    0.6667,    0.0000,    0.5000,    0.5000,    0.5000,    0.5000,    0.5000,    0.5000,    0.5000,    0.5000,    0.5000,    0.5000,    0.8333,    0.6667,    0.8333,    0.6667
seq3,    0.5000,    0.5000,    0.0000,    0.3333,    0.3333,    0.3333,    0.3333,    0.3333,    0.3333,    0.3333,    0.3333,    0.3333,    0.6667,    0.5000,    0.6667,    0.5000
seq5,    0.5000,    0.5000,    0.3333,    0.0000,    0.3333,    0.3333,    0.3333,    0.3333,    0.3333,    0.3333,    0.3333,    0.3333,    0.6667,    0.5000,    0.6667,    0.5000
seq2,    0.5000,    0.5000,    0.3333,    0.3333,    0.0000,    0.3333,    0.3333,    0.3333,    0.3333,    0.3333,    0.3333,    0.3333,    0.6667,    0.5000,    0.6667,    0.5000
seq12,    0.5000,    0.5000,    0.3333,    0.3333,    0.3333,    0.0000,    0.3333,    0.3333,    0.3333,    0.3333,    0.3333,    0.3333,    0.6667,    0.5000,    0.6667,    0.5000
seq13,    0.5000,    0.5000,    0.3333,    0.3333,    0.3333,    0.3333,    0.0000,    0.3333,    0.3333,    0.3333,    0.3333,    0.3333,    0.6667,    0.5000,    0.6667,    0.5000
seq7,    0.5000,    0.5000,    0.3333,    0.3333,    0.3333,    0.3333,    0.3333,    0.0000,    0.3333,    0.3333,    0.3333,    0.3333,    0.6667,    0.5000,    0.6667,    0.5000
seq8,    0.5000,    0.5000,    0.3333,    0.3333,    0.3333,    0.3333,    0.3333,    0.3333,    0.0000,    0.3333,    0.3333,    0.3333,    0.6667,    0.5000,    0.6667,    0.5000
seq4,    0.5000,    0.5000,    0.3333,    0.3333,    0.3333,    0.3333,    0.3333,    0.3333,    0.3333,    0.0000,    0.3333,    0.3333,    0.6667,    0.5000,    0.6667,    0.5000
seq10,    0.5000,    0.5000,    0.3333,    0.3333,    0.3333,    0.3333,    0.3333,    0.3333,    0.3333,    0.3333,    0.0000,    0.3333,    0.6667,    0.5000,    0.6667,    0.5000
seq9,    0.5000,    0.5000,    0.3333,    0.3333,    0.3333,    0.3333,    0.3333,    0.3333,    0.3333,    0.3333,    0.3333,    0.0000,    0.6667,    0.5000,    0.6667,    0.5000
seq1,    0.8333,    0.8333,    0.6667,    0.6667,    0.6667,    0.6667,    0.6667,    0.6667,    0.6667,    0.6667,    0.6667,    0.6667,    0.0000,    0.8333,    1.0000,    0.8333
seq15,    0.6667,    0.6667,    0.5000,    0.5000,    0.5000,    0.5000,    0.5000,    0.5000,    0.5000,    0.5000,    0.5000,    0.5000,    0.8333,    0.0000,    0.5000,    0.3333
seq14,    0.8333,    0.8333,    0.6667,    0.6667,    0.6667,    0.6667,    0.6667,    0.6667,    0.6667,    0.6667,    0.6667,    0.6667,    1.0000,    0.5000,    0.0000,    0.5000
seq17,    0.6667,    0.6667,    0.5000,    0.5000,    0.5000,    0.5000,    0.5000,    0.5000,    0.5000,    0.5000,    0.5000,    0.5000,    0.8333,    0.3333,    0.5000,    0.0000

