46
343508 0.000000 2.000000 3.000000 4.000000 6.000000 6.000000 6.000000 6.000000 7.000000 7.000000 8.000000 8.000000 8.000000 8.000000 6.000000 6.000000 6.000000 11.000000 11.000000 11.000000 12.000000 12.000000 11.000000 10.000000 11.000000 11.000000 11.000000 11.000000 11.000000 11.000000 11.000000 13.000000 13.000000 12.000000 11.000000 12.000000 12.000000 11.000000 11.000000 11.000000 10.000000 11.000000 11.000000 10.000000 9.000000 8.000000
344016 2.000000 0.000000 3.000000 4.000000 6.000000 6.000000 6.000000 6.000000 7.000000 7.000000 8.000000 8.000000 8.000000 8.000000 6.000000 6.000000 6.000000 11.000000 11.000000 11.000000 12.000000 12.000000 11.000000 10.000000 11.000000 11.000000 11.000000 11.000000 11.000000 11.000000 11.000000 13.000000 13.000000 12.000000 11.000000 12.000000 12.000000 11.000000 11.000000 11.000000 10.000000 11.000000 11.000000 10.000000 9.000000 8.000000
11640 3.000000 3.000000 0.000000 3.000000 5.000000 5.000000 5.000000 5.000000 6.000000 6.000000 7.000000 7.000000 7.000000 7.000000 5.000000 5.000000 5.000000 10.000000 10.000000 10.000000 11.000000 11.000000 10.000000 9.000000 10.000000 10.000000 10.000000 10.000000 10.000000 10.000000 10.000000 12.000000 12.000000 11.000000 10.000000 11.000000 11.000000 10.000000 10.000000 10.000000 9.000000 10.000000 10.000000 9.000000 8.000000 7.000000
304469 4.000000 4.000000 3.000000 0.000000 4.000000 4.000000 4.000000 4.000000 5.000000 5.000000 6.000000 6.000000 6.000000 6.000000 4.000000 4.000000 4.000000 9.000000 9.000000 9.000000 10.000000 10.000000 9.000000 8.000000 9.000000 9.000000 9.000000 9.000000 9.000000 9.000000 9.000000 11.000000 11.000000 10.000000 9.000000 10.000000 10.000000 9.000000 9.000000 9.000000 8.000000 9.000000 9.000000 8.000000 7.000000 6.000000
11335 6.000000 6.000000 5.000000 4.000000 0.000000 2.000000 2.000000 2.000000 5.000000 5.000000 6.000000 6.000000 6.000000 6.000000 4.000000 4.000000 4.000000 9.000000 9.000000 9.000000 10.000000 10.000000 9.000000 8.000000 9.000000 9.000000 9.000000 9.000000 9.000000 9.000000 9.000000 11.000000 11.000000 10.000000 9.000000 10.000000 10.000000 9.000000 9.000000 9.000000 8.000000 9.000000 9.000000 8.000000 7.000000 6.000000
336671 6.000000 6.000000 5.000000 4.000000 2.000000 0.000000 2.000000 2.000000 5.000000 5.000000 6.000000 6.000000 6.000000 6.000000 4.000000 4.000000 4.000000 9.000000 9.000000 9.000000 10.000000 10.000000 9.000000 8.000000 9.000000 9.000000 9.000000 9.000000 9.000000 9.000000 9.000000 11.000000 11.000000 10.000000 9.000000 10.000000 10.000000 9.000000 9.000000 9.000000 8.000000 9.000000 9.000000 8.000000 7.000000 6.000000
391650 6.000000 6.000000 5.000000 4.000000 2.000000 2.000000 0.000000 2.000000 5.000000 5.000000 6.000000 6.000000 6.000000 6.000000 4.000000 4.000000 4.000000 9.000000 9.000000 9.000000 10.000000 10.000000 9.000000 8.000000 9.000000 9.000000 9.000000 9.000000 9.000000 9.000000 9.000000 11.000000 11.000000 10.000000 9.000000 10.000000 10.000000 9.000000 9.000000 9.000000 8.000000 9.000000 9.000000 8.000000 7.000000 6.000000
930322 6.000000 6.000000 5.000000 4.000000 2.000000 2.000000 2.000000 0.000000 5.000000 5.000000 6.000000 6.000000 6.000000 6.000000 4.000000 4.000000 4.000000 9.000000 9.000000 9.000000 10.000000 10.000000 9.000000 8.000000 9.000000 9.000000 9.000000 9.000000 9.000000 9.000000 9.000000 11.000000 11.000000 10.000000 9.000000 10.000000 10.000000 9.000000 9.000000 9.000000 8.000000 9.000000 9.000000 8.000000 7.000000 6.000000
11543 7.000000 7.000000 6.000000 5.000000 5.000000 5.000000 5.000000 5.000000 0.000000 2.000000 5.000000 5.000000 5.000000 5.000000 3.000000 3.000000 3.000000 8.000000 8.000000 8.000000 9.000000 9.000000 8.000000 7.000000 8.000000 8.000000 8.000000 8.000000 8.000000 8.000000 8.000000 10.000000 10.000000 9.000000 8.000000 9.000000 9.000000 8.000000 8.000000 8.000000 7.000000 8.000000 8.000000 7.000000 6.000000 5.000000
11927 7.000000 7.000000 6.000000 5.000000 5.000000 5.000000 5.000000 5.000000 2.000000 0.000000 5.000000 5.000000 5.000000 5.000000 3.000000 3.000000 3.000000 8.000000 8.000000 8.000000 9.000000 9.000000 8.000000 7.000000 8.000000 8.000000 8.000000 8.000000 8.000000 8.000000 8.000000 10.000000 10.000000 9.000000 8.000000 9.000000 9.000000 8.000000 8.000000 8.000000 7.000000 8.000000 8.000000 7.000000 6.000000 5.000000
20418 8.000000 8.000000 7.000000 6.000000 6.000000 6.000000 6.000000 6.000000 5.000000 5.000000 0.000000 2.000000 4.000000 4.000000 4.000000 4.000000 4.000000 9.000000 9.000000 9.000000 10.000000 10.000000 9.000000 8.000000 9.000000 9.000000 9.000000 9.000000 9.000000 9.000000 9.000000 11.000000 11.000000 10.000000 9.000000 10.000000 10.000000 9.000000 9.000000 9.000000 8.000000 9.000000 9.000000 8.000000 7.000000 6.000000
296344 8.000000 8.000000 7.000000 6.000000 6.000000 6.000000 6.000000 6.000000 5.000000 5.000000 2.000000 0.000000 4.000000 4.000000 4.000000 4.000000 4.000000 9.000000 9.000000 9.000000 10.000000 10.000000 9.000000 8.000000 9.000000 9.000000 9.000000 9.000000 9.000000 9.000000 9.000000 11.000000 11.000000 10.000000 9.000000 10.000000 10.000000 9.000000 9.000000 9.000000 8.000000 9.000000 9.000000 8.000000 7.000000 6.000000
11230 8.000000 8.000000 7.000000 6.000000 6.000000 6.000000 6.000000 6.000000 5.000000 5.000000 4.000000 4.000000 0.000000 2.000000 4.000000 4.000000 4.000000 9.000000 9.000000 9.000000 10.000000 10.000000 9.000000 8.000000 9.000000 9.000000 9.000000 9.000000 9.000000 9.000000 9.000000 11.000000 11.000000 10.000000 9.000000 10.000000 10.000000 9.000000 9.000000 9.000000 8.000000 9.000000 9.000000 8.000000 7.000000 6.000000
454004 8.000000 8.000000 7.000000 6.000000 6.000000 6.000000 6.000000 6.000000 5.000000 5.000000 4.000000 4.000000 2.000000 0.000000 4.000000 4.000000 4.000000 9.000000 9.000000 9.000000 10.000000 10.000000 9.000000 8.000000 9.000000 9.000000 9.000000 9.000000 9.000000 9.000000 9.000000 11.000000 11.000000 10.000000 9.000000 10.000000 10.000000 9.000000 9.000000 9.000000 8.000000 9.000000 9.000000 8.000000 7.000000 6.000000
11394 6.000000 6.000000 5.000000 4.000000 4.000000 4.000000 4.000000 4.000000 3.000000 3.000000 4.000000 4.000000 4.000000 4.000000 0.000000 2.000000 2.000000 7.000000 7.000000 7.000000 8.000000 8.000000 7.000000 6.000000 7.000000 7.000000 7.000000 7.000000 7.000000 7.000000 7.000000 9.000000 9.000000 8.000000 7.000000 8.000000 8.000000 7.000000 7.000000 7.000000 6.000000 7.000000 7.000000 6.000000 5.000000 4.000000
3602932 6.000000 6.000000 5.000000 4.000000 4.000000 4.000000 4.000000 4.000000 3.000000 3.000000 4.000000 4.000000 4.000000 4.000000 2.000000 0.000000 2.000000 7.000000 7.000000 7.000000 8.000000 8.000000 7.000000 6.000000 7.000000 7.000000 7.000000 7.000000 7.000000 7.000000 7.000000 9.000000 9.000000 8.000000 7.000000 8.000000 8.000000 7.000000 7.000000 7.000000 6.000000 7.000000 7.000000 6.000000 5.000000 4.000000
732543 6.000000 6.000000 5.000000 4.000000 4.000000 4.000000 4.000000 4.000000 3.000000 3.000000 4.000000 4.000000 4.000000 4.000000 2.000000 2.000000 0.000000 7.000000 7.000000 7.000000 8.000000 8.000000 7.000000 6.000000 7.000000 7.000000 7.000000 7.000000 7.000000 7.000000 7.000000 9.000000 9.000000 8.000000 7.000000 8.000000 8.000000 7.000000 7.000000 7.000000 6.000000 7.000000 7.000000 6.000000 5.000000 4.000000
349302 11.000000 11.000000 10.000000 9.000000 9.000000 9.000000 9.000000 9.000000 8.000000 8.000000 9.000000 9.000000 9.000000 9.000000 7.000000 7.000000 7.000000 0.000000 2.000000 2.000000 5.000000 5.000000 4.000000 3.000000 6.000000 6.000000 6.000000 6.000000 6.000000 6.000000 6.000000 8.000000 8.000000 7.000000 6.000000 7.000000 7.000000 6.000000 8.000000 8.000000 7.000000 8.000000 8.000000 7.000000 6.000000 7.000000
48543 11.000000 11.000000 10.000000 9.000000 9.000000 9.000000 9.000000 9.000000 8.000000 8.000000 9.000000 9.000000 9.000000 9.000000 7.000000 7.000000 7.000000 2.000000 0.000000 2.000000 5.000000 5.000000 4.000000 3.000000 6.000000 6.000000 6.000000 6.000000 6.000000 6.000000 6.000000 8.000000 8.000000 7.000000 6.000000 7.000000 7.000000 6.000000 8.000000 8.000000 7.000000 8.000000 8.000000 7.000000 6.000000 7.000000
567188 11.000000 11.000000 10.000000 9.000000 9.000000 9.000000 9.000000 9.000000 8.000000 8.000000 9.000000 9.000000 9.000000 9.000000 7.000000 7.000000 7.000000 2.000000 2.000000 0.000000 5.000000 5.000000 4.000000 3.000000 6.000000 6.000000 6.000000 6.000000 6.000000 6.000000 6.000000 8.000000 8.000000 7.000000 6.000000 7.000000 7.000000 6.000000 8.000000 8.000000 7.000000 8.000000 8.000000 7.000000 6.000000 7.000000
151920 12.000000 12.000000 11.000000 10.000000 10.000000 10.000000 10.000000 10.000000 9.000000 9.000000 10.000000 10.000000 10.000000 10.000000 8.000000 8.000000 8.000000 5.000000 5.000000 5.000000 0.000000 2.000000 3.000000 4.000000 7.000000 7.000000 7.000000 7.000000 7.000000 7.000000 7.000000 9.000000 9.000000 8.000000 7.000000 8.000000 8.000000 7.000000 9.000000 9.000000 8.000000 9.000000 9.000000 8.000000 7.000000 8.000000
552536492 12.000000 12.000000 11.000000 10.000000 10.000000 10.000000 10.000000 10.000000 9.000000 9.000000 10.000000 10.000000 10.000000 10.000000 8.000000 8.000000 8.000000 5.000000 5.000000 5.000000 2.000000 0.000000 3.000000 4.000000 7.000000 7.000000 7.000000 7.000000 7.000000 7.000000 7.000000 9.000000 9.000000 8.000000 7.000000 8.000000 8.000000 7.000000 9.000000 9.000000 8.000000 9.000000 9.000000 8.000000 7.000000 8.000000
2564972 11.000000 11.000000 10.000000 9.000000 9.000000 9.000000 9.000000 9.000000 8.000000 8.000000 9.000000 9.000000 9.000000 9.000000 7.000000 7.000000 7.000000 4.000000 4.000000 4.000000 3.000000 3.000000 0.000000 3.000000 6.000000 6.000000 6.000000 6.000000 6.000000 6.000000 6.000000 8.000000 8.000000 7.000000 6.000000 7.000000 7.000000 6.000000 8.000000 8.000000 7.000000 8.000000 8.000000 7.000000 6.000000 7.000000
46404 10.000000 10.000000 9.000000 8.000000 8.000000 8.000000 8.000000 8.000000 7.000000 7.000000 8.000000 8.000000 8.000000 8.000000 6.000000 6.000000 6.000000 3.000000 3.000000 3.000000 4.000000 4.000000 3.000000 0.000000 5.000000 5.000000 5.000000 5.000000 5.000000 5.000000 5.000000 7.000000 7.000000 6.000000 5.000000 6.000000 6.000000 5.000000 7.000000 7.000000 6.000000 7.000000 7.000000 6.000000 5.000000 6.000000
565652 11.000000 11.000000 10.000000 9.000000 9.000000 9.000000 9.000000 9.000000 8.000000 8.000000 9.000000 9.000000 9.000000 9.000000 7.000000 7.000000 7.000000 6.000000 6.000000 6.000000 7.000000 7.000000 6.000000 5.000000 0.000000 2.000000 2.000000 4.000000 4.000000 4.000000 4.000000 8.000000 8.000000 7.000000 6.000000 7.000000 7.000000 6.000000 8.000000 8.000000 7.000000 8.000000 8.000000 7.000000 6.000000 7.000000
599560 11.000000 11.000000 10.000000 9.000000 9.000000 9.000000 9.000000 9.000000 8.000000 8.000000 9.000000 9.000000 9.000000 9.000000 7.000000 7.000000 7.000000 6.000000 6.000000 6.000000 7.000000 7.000000 6.000000 5.000000 2.000000 0.000000 2.000000 4.000000 4.000000 4.000000 4.000000 8.000000 8.000000 7.000000 6.000000 7.000000 7.000000 6.000000 8.000000 8.000000 7.000000 8.000000 8.000000 7.000000 6.000000 7.000000
599563 11.000000 11.000000 10.000000 9.000000 9.000000 9.000000 9.000000 9.000000 8.000000 8.000000 9.000000 9.000000 9.000000 9.000000 7.000000 7.000000 7.000000 6.000000 6.000000 6.000000 7.000000 7.000000 6.000000 5.000000 2.000000 2.000000 0.000000 4.000000 4.000000 4.000000 4.000000 8.000000 8.000000 7.000000 6.000000 7.000000 7.000000 6.000000 8.000000 8.000000 7.000000 8.000000 8.000000 7.000000 6.000000 7.000000
217159 11.000000 11.000000 10.000000 9.000000 9.000000 9.000000 9.000000 9.000000 8.000000 8.000000 9.000000 9.000000 9.000000 9.000000 7.000000 7.000000 7.000000 6.000000 6.000000 6.000000 7.000000 7.000000 6.000000 5.000000 4.000000 4.000000 4.000000 0.000000 2.000000 4.000000 4.000000 8.000000 8.000000 7.000000 6.000000 7.000000 7.000000 6.000000 8.000000 8.000000 7.000000 8.000000 8.000000 7.000000 6.000000 7.000000
297843 11.000000 11.000000 10.000000 9.000000 9.000000 9.000000 9.000000 9.000000 8.000000 8.000000 9.000000 9.000000 9.000000 9.000000 7.000000 7.000000 7.000000 6.000000 6.000000 6.000000 7.000000 7.000000 6.000000 5.000000 4.000000 4.000000 4.000000 2.000000 0.000000 4.000000 4.000000 8.000000 8.000000 7.000000 6.000000 7.000000 7.000000 6.000000 8.000000 8.000000 7.000000 8.000000 8.000000 7.000000 6.000000 7.000000
341476 11.000000 11.000000 10.000000 9.000000 9.000000 9.000000 9.000000 9.000000 8.000000 8.000000 9.000000 9.000000 9.000000 9.000000 7.000000 7.000000 7.000000 6.000000 6.000000 6.000000 7.000000 7.000000 6.000000 5.000000 4.000000 4.000000 4.000000 4.000000 4.000000 0.000000 2.000000 8.000000 8.000000 7.000000 6.000000 7.000000 7.000000 6.000000 8.000000 8.000000 7.000000 8.000000 8.000000 7.000000 6.000000 7.000000
804820 11.000000 11.000000 10.000000 9.000000 9.000000 9.000000 9.000000 9.000000 8.000000 8.000000 9.000000 9.000000 9.000000 9.000000 7.000000 7.000000 7.000000 6.000000 6.000000 6.000000 7.000000 7.000000 6.000000 5.000000 4.000000 4.000000 4.000000 4.000000 4.000000 2.000000 0.000000 8.000000 8.000000 7.000000 6.000000 7.000000 7.000000 6.000000 8.000000 8.000000 7.000000 8.000000 8.000000 7.000000 6.000000 7.000000
10190795 13.000000 13.000000 12.000000 11.000000 11.000000 11.000000 11.000000 11.000000 10.000000 10.000000 11.000000 11.000000 11.000000 11.000000 9.000000 9.000000 9.000000 8.000000 8.000000 8.000000 9.000000 9.000000 8.000000 7.000000 8.000000 8.000000 8.000000 8.000000 8.000000 8.000000 8.000000 0.000000 2.000000 3.000000 4.000000 7.000000 7.000000 6.000000 10.000000 10.000000 9.000000 10.000000 10.000000 9.000000 8.000000 9.000000
1051098 13.000000 13.000000 12.000000 11.000000 11.000000 11.000000 11.000000 11.000000 10.000000 10.000000 11.000000 11.000000 11.000000 11.000000 9.000000 9.000000 9.000000 8.000000 8.000000 8.000000 9.000000 9.000000 8.000000 7.000000 8.000000 8.000000 8.000000 8.000000 8.000000 8.000000 8.000000 2.000000 0.000000 3.000000 4.000000 7.000000 7.000000 6.000000 10.000000 10.000000 9.000000 10.000000 10.000000 9.000000 8.000000 9.000000
154656 12.000000 12.000000 11.000000 10.000000 10.000000 10.000000 10.000000 10.000000 9.000000 9.000000 10.000000 10.000000 10.000000 10.000000 8.000000 8.000000 8.000000 7.000000 7.000000 7.000000 8.000000 8.000000 7.000000 6.000000 7.000000 7.000000 7.000000 7.000000 7.000000 7.000000 7.000000 3.000000 3.000000 0.000000 3.000000 6.000000 6.000000 5.000000 9.000000 9.000000 8.000000 9.000000 9.000000 8.000000 7.000000 8.000000
505125 11.000000 11.000000 10.000000 9.000000 9.000000 9.000000 9.000000 9.000000 8.000000 8.000000 9.000000 9.000000 9.000000 9.000000 7.000000 7.000000 7.000000 6.000000 6.000000 6.000000 7.000000 7.000000 6.000000 5.000000 6.000000 6.000000 6.000000 6.000000 6.000000 6.000000 6.000000 4.000000 4.000000 3.000000 0.000000 5.000000 5.000000 4.000000 8.000000 8.000000 7.000000 8.000000 8.000000 7.000000 6.000000 7.000000
1127552 12.000000 12.000000 11.000000 10.000000 10.000000 10.000000 10.000000 10.000000 9.000000 9.000000 10.000000 10.000000 10.000000 10.000000 8.000000 8.000000 8.000000 7.000000 7.000000 7.000000 8.000000 8.000000 7.000000 6.000000 7.000000 7.000000 7.000000 7.000000 7.000000 7.000000 7.000000 7.000000 7.000000 6.000000 5.000000 0.000000 2.000000 3.000000 9.000000 9.000000 8.000000 9.000000 9.000000 8.000000 7.000000 8.000000
950102 12.000000 12.000000 11.000000 10.000000 10.000000 10.000000 10.000000 10.000000 9.000000 9.000000 10.000000 10.000000 10.000000 10.000000 8.000000 8.000000 8.000000 7.000000 7.000000 7.000000 8.000000 8.000000 7.000000 6.000000 7.000000 7.000000 7.000000 7.000000 7.000000 7.000000 7.000000 7.000000 7.000000 6.000000 5.000000 2.000000 0.000000 3.000000 9.000000 9.000000 8.000000 9.000000 9.000000 8.000000 7.000000 8.000000
3377784 11.000000 11.000000 10.000000 9.000000 9.000000 9.000000 9.000000 9.000000 8.000000 8.000000 9.000000 9.000000 9.000000 9.000000 7.000000 7.000000 7.000000 6.000000 6.000000 6.000000 7.000000 7.000000 6.000000 5.000000 6.000000 6.000000 6.000000 6.000000 6.000000 6.000000 6.000000 6.000000 6.000000 5.000000 4.000000 3.000000 3.000000 0.000000 8.000000 8.000000 7.000000 8.000000 8.000000 7.000000 6.000000 7.000000
556542 11.000000 11.000000 10.000000 9.000000 9.000000 9.000000 9.000000 9.000000 8.000000 8.000000 9.000000 9.000000 9.000000 9.000000 7.000000 7.000000 7.000000 8.000000 8.000000 8.000000 9.000000 9.000000 8.000000 7.000000 8.000000 8.000000 8.000000 8.000000 8.000000 8.000000 8.000000 10.000000 10.000000 9.000000 8.000000 9.000000 9.000000 8.000000 0.000000 2.000000 3.000000 6.000000 6.000000 5.000000 4.000000 7.000000
556544 11.000000 11.000000 10.000000 9.000000 9.000000 9.000000 9.000000 9.000000 8.000000 8.000000 9.000000 9.000000 9.000000 9.000000 7.000000 7.000000 7.000000 8.000000 8.000000 8.000000 9.000000 9.000000 8.000000 7.000000 8.000000 8.000000 8.000000 8.000000 8.000000 8.000000 8.000000 10.000000 10.000000 9.000000 8.000000 9.000000 9.000000 8.000000 2.000000 0.000000 3.000000 6.000000 6.000000 5.000000 4.000000 7.000000
45542 10.000000 10.000000 9.000000 8.000000 8.000000 8.000000 8.000000 8.000000 7.000000 7.000000 8.000000 8.000000 8.000000 8.000000 6.000000 6.000000 6.000000 7.000000 7.000000 7.000000 8.000000 8.000000 7.000000 6.000000 7.000000 7.000000 7.000000 7.000000 7.000000 7.000000 7.000000 9.000000 9.000000 8.000000 7.000000 8.000000 8.000000 7.000000 3.000000 3.000000 0.000000 5.000000 5.000000 4.000000 3.000000 6.000000
217136 11.000000 11.000000 10.000000 9.000000 9.000000 9.000000 9.000000 9.000000 8.000000 8.000000 9.000000 9.000000 9.000000 9.000000 7.000000 7.000000 7.000000 8.000000 8.000000 8.000000 9.000000 9.000000 8.000000 7.000000 8.000000 8.000000 8.000000 8.000000 8.000000 8.000000 8.000000 10.000000 10.000000 9.000000 8.000000 9.000000 9.000000 8.000000 6.000000 6.000000 5.000000 0.000000 2.000000 3.000000 4.000000 7.000000
38924 11.000000 11.000000 10.000000 9.000000 9.000000 9.000000 9.000000 9.000000 8.000000 8.000000 9.000000 9.000000 9.000000 9.000000 7.000000 7.000000 7.000000 8.000000 8.000000 8.000000 9.000000 9.000000 8.000000 7.000000 8.000000 8.000000 8.000000 8.000000 8.000000 8.000000 8.000000 10.000000 10.000000 9.000000 8.000000 9.000000 9.000000 8.000000 6.000000 6.000000 5.000000 2.000000 0.000000 3.000000 4.000000 7.000000
439290 10.000000 10.000000 9.000000 8.000000 8.000000 8.000000 8.000000 8.000000 7.000000 7.000000 8.000000 8.000000 8.000000 8.000000 6.000000 6.000000 6.000000 7.000000 7.000000 7.000000 8.000000 8.000000 7.000000 6.000000 7.000000 7.000000 7.000000 7.000000 7.000000 7.000000 7.000000 9.000000 9.000000 8.000000 7.000000 8.000000 8.000000 7.000000 5.000000 5.000000 4.000000 3.000000 3.000000 0.000000 3.000000 6.000000
142104 9.000000 9.000000 8.000000 7.000000 7.000000 7.000000 7.000000 7.000000 6.000000 6.000000 7.000000 7.000000 7.000000 7.000000 5.000000 5.000000 5.000000 6.000000 6.000000 6.000000 7.000000 7.000000 6.000000 5.000000 6.000000 6.000000 6.000000 6.000000 6.000000 6.000000 6.000000 8.000000 8.000000 7.000000 6.000000 7.000000 7.000000 6.000000 4.000000 4.000000 3.000000 4.000000 4.000000 3.000000 0.000000 5.000000
root 8.000000 8.000000 7.000000 6.000000 6.000000 6.000000 6.000000 6.000000 5.000000 5.000000 6.000000 6.000000 6.000000 6.000000 4.000000 4.000000 4.000000 7.000000 7.000000 7.000000 8.000000 8.000000 7.000000 6.000000 7.000000 7.000000 7.000000 7.000000 7.000000 7.000000 7.000000 9.000000 9.000000 8.000000 7.000000 8.000000 8.000000 7.000000 7.000000 7.000000 6.000000 7.000000 7.000000 6.000000 5.000000 0.000000

343508 0.000000 2.000000 3.000000 4.000000 6.000000 6.000000 6.000000 6.000000 7.000000 7.000000 8.000000 8.000000 8.000000 8.000000 6.000000 6.000000 6.000000 11.000000 11.000000 11.000000 12.000000 12.000000 11.000000 10.000000 11.000000 11.000000 11.000000 11.000000 11.000000 11.000000 11.000000 13.000000 13.000000 12.000000 11.000000 12.000000 12.000000 11.000000 11.000000 11.000000 10.000000 11.000000 11.000000 10.000000 9.000000 8.000000
344016 2.000000 0.000000 3.000000 4.000000 6.000000 6.000000 6.000000 6.000000 7.000000 7.000000 8.000000 8.000000 8.000000 8.000000 6.000000 6.000000 6.000000 11.000000 11.000000 11.000000 12.000000 12.000000 11.000000 10.000000 11.000000 11.000000 11.000000 11.000000 11.000000 11.000000 11.000000 13.000000 13.000000 12.000000 11.000000 12.000000 12.000000 11.000000 11.000000 11.000000 10.000000 11.000000 11.000000 10.000000 9.000000 8.000000
11640 3.000000 3.000000 0.000000 3.000000 5.000000 5.000000 5.000000 5.000000 6.000000 6.000000 7.000000 7.000000 7.000000 7.000000 5.000000 5.000000 5.000000 10.000000 10.000000 10.000000 11.000000 11.000000 10.000000 9.000000 10.000000 10.000000 10.000000 10.000000 10.000000 10.000000 10.000000 12.000000 12.000000 11.000000 10.000000 11.000000 11.000000 10.000000 10.000000 10.000000 9.000000 10.000000 10.000000 9.000000 8.000000 7.000000
304469 4.000000 4.000000 3.000000 0.000000 4.000000 4.000000 4.000000 4.000000 5.000000 5.000000 6.000000 6.000000 6.000000 6.000000 4.000000 4.000000 4.000000 9.000000 9.000000 9.000000 10.000000 10.000000 9.000000 8.000000 9.000000 9.000000 9.000000 9.000000 9.000000 9.000000 9.000000 11.000000 11.000000 10.000000 9.000000 10.000000 10.000000 9.000000 9.000000 9.000000 8.000000 9.000000 9.000000 8.000000 7.000000 6.000000
11335 6.000000 6.000000 5.000000 4.000000 0.000000 2.000000 2.000000 2.000000 5.000000 5.000000 6.000000 6.000000 6.000000 6.000000 4.000000 4.000000 4.000000 9.000000 9.000000 9.000000 10.000000 10.000000 9.000000 8.000000 9.000000 9.000000 9.000000 9.000000 9.000000 9.000000 9.000000 11.000000 11.000000 10.000000 9.000000 10.000000 10.000000 9.000000 9.000000 9.000000 8.000000 9.000000 9.000000 8.000000 7.000000 6.000000
336671 6.000000 6.000000 5.000000 4.000000 2.000000 0.000000 2.000000 2.000000 5.000000 5.000000 6.000000 6.000000 6.000000 6.000000 4.000000 4.000000 4.000000 9.000000 9.000000 9.000000 10.000000 10.000000 9.000000 8.000000 9.000000 9.000000 9.000000 9.000000 9.000000 9.000000 9.000000 11.000000 11.000000 10.000000 9.000000 10.000000 10.000000 9.000000 9.000000 9.000000 8.000000 9.000000 9.000000 8.000000 7.000000 6.000000
391650 6.000000 6.000000 5.000000 4.000000 2.000000 2.000000 0.000000 2.000000 5.000000 5.000000 6.000000 6.000000 6.000000 6.000000 4.000000 4.000000 4.000000 9.000000 9.000000 9.000000 10.000000 10.000000 9.000000 8.000000 9.000000 9.000000 9.000000 9.000000 9.000000 9.000000 9.000000 11.000000 11.000000 10.000000 9.000000 10.000000 10.000000 9.000000 9.000000 9.000000 8.000000 9.000000 9.000000 8.000000 7.000000 6.000000
930322 6.000000 6.000000 5.000000 4.000000 2.000000 2.000000 2.000000 0.000000 5.000000 5.000000 6.000000 6.000000 6.000000 6.000000 4.000000 4.000000 4.000000 9.000000 9.000000 9.000000 10.000000 10.000000 9.000000 8.000000 9.000000 9.000000 9.000000 9.000000 9.000000 9.000000 9.000000 11.000000 11.000000 10.000000 9.000000 10.000000 10.000000 9.000000 9.000000 9.000000 8.000000 9.000000 9.000000 8.000000 7.000000 6.000000
11543 7.000000 7.000000 6.000000 5.000000 5.000000 5.000000 5.000000 5.000000 0.000000 2.000000 5.000000 5.000000 5.000000 5.000000 3.000000 3.000000 3.000000 8.000000 8.000000 8.000000 9.000000 9.000000 8.000000 7.000000 8.000000 8.000000 8.000000 8.000000 8.000000 8.000000 8.000000 10.000000 10.000000 9.000000 8.000000 9.000000 9.000000 8.000000 8.000000 8.000000 7.000000 8.000000 8.000000 7.000000 6.000000 5.000000
11927 7.000000 7.000000 6.000000 5.000000 5.000000 5.000000 5.000000 5.000000 2.000000 0.000000 5.000000 5.000000 5.000000 5.000000 3.000000 3.000000 3.000000 8.000000 8.000000 8.000000 9.000000 9.000000 8.000000 7.000000 8.000000 8.000000 8.000000 8.000000 8.000000 8.000000 8.000000 10.000000 10.000000 9.000000 8.000000 9.000000 9.000000 8.000000 8.000000 8.000000 7.000000 8.000000 8.000000 7.000000 6.000000 5.000000
20418 8.000000 8.000000 7.000000 6.000000 6.000000 6.000000 6.000000 6.000000 5.000000 5.000000 0.000000 2.000000 4.000000 4.000000 4.000000 4.000000 4.000000 9.000000 9.000000 9.000000 10.000000 10.000000 9.000000 8.000000 9.000000 9.000000 9.000000 9.000000 9.000000 9.000000 9.000000 11.000000 11.000000 10.000000 9.000000 10.000000 10.000000 9.000000 9.000000 9.000000 8.000000 9.000000 9.000000 8.000000 7.000000 6.000000
296344 8.000000 8.000000 7.000000 6.000000 6.000000 6.000000 6.000000 6.000000 5.000000 5.000000 2.000000 0.000000 4.000000 4.000000 4.000000 4.000000 4.000000 9.000000 9.000000 9.000000 10.000000 10.000000 9.000000 8.000000 9.000000 9.000000 9.000000 9.000000 9.000000 9.000000 9.000000 11.000000 11.000000 10.000000 9.000000 10.000000 10.000000 9.000000 9.000000 9.000000 8.000000 9.000000 9.000000 8.000000 7.000000 6.000000
11230 8.000000 8.000000 7.000000 6.000000 6.000000 6.000000 6.000000 6.000000 5.000000 5.000000 4.000000 4.000000 0.000000 2.000000 4.000000 4.000000 4.000000 9.000000 9.000000 9.000000 10.000000 10.000000 9.000000 8.000000 9.000000 9.000000 9.000000 9.000000 9.000000 9.000000 9.000000 11.000000 11.000000 10.000000 9.000000 10.000000 10.000000 9.000000 9.000000 9.000000 8.000000 9.000000 9.000000 8.000000 7.000000 6.000000
454004 8.000000 8.000000 7.000000 6.000000 6.000000 6.000000 6.000000 6.000000 5.000000 5.000000 4.000000 4.000000 2.000000 0.000000 4.000000 4.000000 4.000000 9.000000 9.000000 9.000000 10.000000 10.000000 9.000000 8.000000 9.000000 9.000000 9.000000 9.000000 9.000000 9.000000 9.000000 11.000000 11.000000 10.000000 9.000000 10.000000 10.000000 9.000000 9.000000 9.000000 8.000000 9.000000 9.000000 8.000000 7.000000 6.000000
11394 6.000000 6.000000 5.000000 4.000000 4.000000 4.000000 4.000000 4.000000 3.000000 3.000000 4.000000 4.000000 4.000000 4.000000 0.000000 2.000000 2.000000 7.000000 7.000000 7.000000 8.000000 8.000000 7.000000 6.000000 7.000000 7.000000 7.000000 7.000000 7.000000 7.000000 7.000000 9.000000 9.000000 8.000000 7.000000 8.000000 8.000000 7.000000 7.000000 7.000000 6.000000 7.000000 7.000000 6.000000 5.000000 4.000000
3602932 6.000000 6.000000 5.000000 4.000000 4.000000 4.000000 4.000000 4.000000 3.000000 3.000000 4.000000 4.000000 4.000000 4.000000 2.000000 0.000000 2.000000 7.000000 7.000000 7.000000 8.000000 8.000000 7.000000 6.000000 7.000000 7.000000 7.000000 7.000000 7.000000 7.000000 7.000000 9.000000 9.000000 8.000000 7.000000 8.000000 8.000000 7.000000 7.000000 7.000000 6.000000 7.000000 7.000000 6.000000 5.000000 4.000000
732543 6.000000 6.000000 5.000000 4.000000 4.000000 4.000000 4.000000 4.000000 3.000000 3.000000 4.000000 4.000000 4.000000 4.000000 2.000000 2.000000 0.000000 7.000000 7.000000 7.000000 8.000000 8.000000 7.000000 6.000000 7.000000 7.000000 7.000000 7.000000 7.000000 7.000000 7.000000 9.000000 9.000000 8.000000 7.000000 8.000000 8.000000 7.000000 7.000000 7.000000 6.000000 7.000000 7.000000 6.000000 5.000000 4.000000
349302 11.000000 11.000000 10.000000 9.000000 9.000000 9.000000 9.000000 9.000000 8.000000 8.000000 9.000000 9.000000 9.000000 9.000000 7.000000 7.000000 7.000000 0.000000 2.000000 2.000000 5.000000 5.000000 4.000000 3.000000 6.000000 6.000000 6.000000 6.000000 6.000000 6.000000 6.000000 8.000000 8.000000 7.000000 6.000000 7.000000 7.000000 6.000000 8.000000 8.000000 7.000000 8.000000 8.000000 7.000000 6.000000 7.000000
48543 11.000000 11.000000 10.000000 9.000000 9.000000 9.000000 9.000000 9.000000 8.000000 8.000000 9.000000 9.000000 9.000000 9.000000 7.000000 7.000000 7.000000 2.000000 0.000000 2.000000 5.000000 5.000000 4.000000 3.000000 6.000000 6.000000 6.000000 6.000000 6.000000 6.000000 6.000000 8.000000 8.000000 7.000000 6.000000 7.000000 7.000000 6.000000 8.000000 8.000000 7.000000 8.000000 8.000000 7.000000 6.000000 7.000000
567188 11.000000 11.000000 10.000000 9.000000 9.000000 9.000000 9.000000 9.000000 8.000000 8.000000 9.000000 9.000000 9.000000 9.000000 7.000000 7.000000 7.000000 2.000000 2.000000 0.000000 5.000000 5.000000 4.000000 3.000000 6.000000 6.000000 6.000000 6.000000 6.000000 6.000000 6.000000 8.000000 8.000000 7.000000 6.000000 7.000000 7.000000 6.000000 8.000000 8.000000 7.000000 8.000000 8.000000 7.000000 6.000000 7.000000
151920 12.000000 12.000000 11.000000 10.000000 10.000000 10.000000 10.000000 10.000000 9.000000 9.000000 10.000000 10.000000 10.000000 10.000000 8.000000 8.000000 8.000000 5.000000 5.000000 5.000000 0.000000 2.000000 3.000000 4.000000 7.000000 7.000000 7.000000 7.000000 7.000000 7.000000 7.000000 9.000000 9.000000 8.000000 7.000000 8.000000 8.000000 7.000000 9.000000 9.000000 8.000000 9.000000 9.000000 8.000000 7.000000 8.000000
552536492 12.000000 12.000000 11.000000 10.000000 10.000000 10.000000 10.000000 10.000000 9.000000 9.000000 10.000000 10.000000 10.000000 10.000000 8.000000 8.000000 8.000000 5.000000 5.000000 5.000000 2.000000 0.000000 3.000000 4.000000 7.000000 7.000000 7.000000 7.000000 7.000000 7.000000 7.000000 9.000000 9.000000 8.000000 7.000000 8.000000 8.000000 7.000000 9.000000 9.000000 8.000000 9.000000 9.000000 8.000000 7.000000 8.000000
2564972 11.000000 11.000000 10.000000 9.000000 9.000000 9.000000 9.000000 9.000000 8.000000 8.000000 9.000000 9.000000 9.000000 9.000000 7.000000 7.000000 7.000000 4.000000 4.000000 4.000000 3.000000 3.000000 0.000000 3.000000 6.000000 6.000000 6.000000 6.000000 6.000000 6.000000 6.000000 8.000000 8.000000 7.000000 6.000000 7.000000 7.000000 6.000000 8.000000 8.000000 7.000000 8.000000 8.000000 7.000000 6.000000 7.000000
46404 10.000000 10.000000 9.000000 8.000000 8.000000 8.000000 8.000000 8.000000 7.000000 7.000000 8.000000 8.000000 8.000000 8.000000 6.000000 6.000000 6.000000 3.000000 3.000000 3.000000 4.000000 4.000000 3.000000 0.000000 5.000000 5.000000 5.000000 5.000000 5.000000 5.000000 5.000000 7.000000 7.000000 6.000000 5.000000 6.000000 6.000000 5.000000 7.000000 7.000000 6.000000 7.000000 7.000000 6.000000 5.000000 6.000000
565652 11.000000 11.000000 10.000000 9.000000 9.000000 9.000000 9.000000 9.000000 8.000000 8.000000 9.000000 9.000000 9.000000 9.000000 7.000000 7.000000 7.000000 6.000000 6.000000 6.000000 7.000000 7.000000 6.000000 5.000000 0.000000 2.000000 2.000000 4.000000 4.000000 4.000000 4.000000 8.000000 8.000000 7.000000 6.000000 7.000000 7.000000 6.000000 8.000000 8.000000 7.000000 8.000000 8.000000 7.000000 6.000000 7.000000
599560 11.000000 11.000000 10.000000 9.000000 9.000000 9.000000 9.000000 9.000000 8.000000 8.000000 9.000000 9.000000 9.000000 9.000000 7.000000 7.000000 7.000000 6.000000 6.000000 6.000000 7.000000 7.000000 6.000000 5.000000 2.000000 0.000000 2.000000 4.000000 4.000000 4.000000 4.000000 8.000000 8.000000 7.000000 6.000000 7.000000 7.000000 6.000000 8.000000 8.000000 7.000000 8.000000 8.000000 7.000000 6.000000 7.000000
599563 11.000000 11.000000 10.000000 9.000000 9.000000 9.000000 9.000000 9.000000 8.000000 8.000000 9.000000 9.000000 9.000000 9.000000 7.000000 7.000000 7.000000 6.000000 6.000000 6.000000 7.000000 7.000000 6.000000 5.000000 2.000000 2.000000 0.000000 4.000000 4.000000 4.000000 4.000000 8.000000 8.000000 7.000000 6.000000 7.000000 7.000000 6.000000 8.000000 8.000000 7.000000 8.000000 8.000000 7.000000 6.000000 7.000000
217159 11.000000 11.000000 10.000000 9.000000 9.000000 9.000000 9.000000 9.000000 8.000000 8.000000 9.000000 9.000000 9.000000 9.000000 7.000000 7.000000 7.000000 6.000000 6.000000 6.000000 7.000000 7.000000 6.000000 5.000000 4.000000 4.000000 4.000000 0.000000 2.000000 4.000000 4.000000 8.000000 8.000000 7.000000 6.000000 7.000000 7.000000 6.000000 8.000000 8.000000 7.000000 8.000000 8.000000 7.000000 6.000000 7.000000
297843 11.000000 11.000000 10.000000 9.000000 9.000000 9.000000 9.000000 9.000000 8.000000 8.000000 9.000000 9.000000 9.000000 9.000000 7.000000 7.000000 7.000000 6.000000 6.000000 6.000000 7.000000 7.000000 6.000000 5.000000 4.000000 4.000000 4.000000 2.000000 0.000000 4.000000 4.000000 8.000000 8.000000 7.000000 6.000000 7.000000 7.000000 6.000000 8.000000 8.000000 7.000000 8.000000 8.000000 7.000000 6.000000 7.000000
341476 11.000000 11.000000 10.000000 9.000000 9.000000 9.000000 9.000000 9.000000 8.000000 8.000000 9.000000 9.000000 9.000000 9.000000 7.000000 7.000000 7.000000 6.000000 6.000000 6.000000 7.000000 7.000000 6.000000 5.000000 4.000000 4.000000 4.000000 4.000000 4.000000 0.000000 2.000000 8.000000 8.000000 7.000000 6.000000 7.000000 7.000000 6.000000 8.000000 8.000000 7.000000 8.000000 8.000000 7.000000 6.000000 7.000000
804820 11.000000 11.000000 10.000000 9.000000 9.000000 9.000000 9.000000 9.000000 8.000000 8.000000 9.000000 9.000000 9.000000 9.000000 7.000000 7.000000 7.000000 6.000000 6.000000 6.000000 7.000000 7.000000 6.000000 5.000000 4.000000 4.000000 4.000000 4.000000 4.000000 2.000000 0.000000 8.000000 8.000000 7.000000 6.000000 7.000000 7.000000 6.000000 8.000000 8.000000 7.000000 8.000000 8.000000 7.000000 6.000000 7.000000
10190795 13.000000 13.000000 12.000000 11.000000 11.000000 11.000000 11.000000 11.000000 10.000000 10.000000 11.000000 11.000000 11.000000 11.000000 9.000000 9.000000 9.000000 8.000000 8.000000 8.000000 9.000000 9.000000 8.000000 7.000000 8.000000 8.000000 8.000000 8.000000 8.000000 8.000000 8.000000 0.000000 2.000000 3.000000 4.000000 7.000000 7.000000 6.000000 10.000000 10.000000 9.000000 10.000000 10.000000 9.000000 8.000000 9.000000
1051098 13.000000 13.000000 12.000000 11.000000 11.000000 11.000000 11.000000 11.000000 10.000000 10.000000 11.000000 11.000000 11.000000 11.000000 9.000000 9.000000 9.000000 8.000000 8.000000 8.000000 9.000000 9.000000 8.000000 7.000000 8.000000 8.000000 8.000000 8.000000 8.000000 8.000000 8.000000 2.000000 0.000000 3.000000 4.000000 7.000000 7.000000 6.000000 10.000000 10.000000 9.000000 10.000000 10.000000 9.000000 8.000000 9.000000
154656 12.000000 12.000000 11.000000 10.000000 10.000000 10.000000 10.000000 10.000000 9.000000 9.000000 10.000000 10.000000 10.000000 10.000000 8.000000 8.000000 8.000000 7.000000 7.000000 7.000000 8.000000 8.000000 7.000000 6.000000 7.000000 7.000000 7.000000 7.000000 7.000000 7.000000 7.000000 3.000000 3.000000 0.000000 3.000000 6.000000 6.000000 5.000000 9.000000 9.000000 8.000000 9.000000 9.000000 8.000000 7.000000 8.000000
505125 11.000000 11.000000 10.000000 9.000000 9.000000 9.000000 9.000000 9.000000 8.000000 8.000000 9.000000 9.000000 9.000000 9.000000 7.000000 7.000000 7.000000 6.000000 6.000000 6.000000 7.000000 7.000000 6.000000 5.000000 6.000000 6.000000 6.000000 6.000000 6.000000 6.000000 6.000000 4.000000 4.000000 3.000000 0.000000 5.000000 5.000000 4.000000 8.000000 8.000000 7.000000 8.000000 8.000000 7.000000 6.000000 7.000000
1127552 12.000000 12.000000 11.000000 10.000000 10.000000 10.000000 10.000000 10.000000 9.000000 9.000000 10.000000 10.000000 10.000000 10.000000 8.000000 8.000000 8.000000 7.000000 7.000000 7.000000 8.000000 8.000000 7.000000 6.000000 7.000000 7.000000 7.000000 7.000000 7.000000 7.000000 7.000000 7.000000 7.000000 6.000000 5.000000 0.000000 2.000000 3.000000 9.000000 9.000000 8.000000 9.000000 9.000000 8.000000 7.000000 8.000000
950102 12.000000 12.000000 11.000000 10.000000 10.000000 10.000000 10.000000 10.000000 9.000000 9.000000 10.000000 10.000000 10.000000 10.000000 8.000000 8.000000 8.000000 7.000000 7.000000 7.000000 8.000000 8.000000 7.000000 6.000000 7.000000 7.000000 7.000000 7.000000 7.000000 7.000000 7.000000 7.000000 7.000000 6.000000 5.000000 2.000000 0.000000 3.000000 9.000000 9.000000 8.000000 9.000000 9.000000 8.000000 7.000000 8.000000
3377784 11.000000 11.000000 10.000000 9.000000 9.000000 9.000000 9.000000 9.000000 8.000000 8.000000 9.000000 9.000000 9.000000 9.000000 7.000000 7.000000 7.000000 6.000000 6.000000 6.000000 7.000000 7.000000 6.000000 5.000000 6.000000 6.000000 6.000000 6.000000 6.000000 6.000000 6.000000 6.000000 6.000000 5.000000 4.000000 3.000000 3.000000 0.000000 8.000000 8.000000 7.000000 8.000000 8.000000 7.000000 6.000000 7.000000
556542 11.000000 11.000000 10.000000 9.000000 9.000000 9.000000 9.000000 9.000000 8.000000 8.000000 9.000000 9.000000 9.000000 9.000000 7.000000 7.000000 7.000000 8.000000 8.000000 8.000000 9.000000 9.000000 8.000000 7.000000 8.000000 8.000000 8.000000 8.000000 8.000000 8.000000 8.000000 10.000000 10.000000 9.000000 8.000000 9.000000 9.000000 8.000000 0.000000 2.000000 3.000000 6.000000 6.000000 5.000000 4.000000 7.000000
556544 11.000000 11.000000 10.000000 9.000000 9.000000 9.000000 9.000000 9.000000 8.000000 8.000000 9.000000 9.000000 9.000000 9.000000 7.000000 7.000000 7.000000 8.000000 8.000000 8.000000 9.000000 9.000000 8.000000 7.000000 8.000000 8.000000 8.000000 8.000000 8.000000 8.000000 8.000000 10.000000 10.000000 9.000000 8.000000 9.000000 9.000000 8.000000 2.000000 0.000000 3.000000 6.000000 6.000000 5.000000 4.000000 7.000000
45542 10.000000 10.000000 9.000000 8.000000 8.000000 8.000000 8.000000 8.000000 7.000000 7.000000 8.000000 8.000000 8.000000 8.000000 6.000000 6.000000 6.000000 7.000000 7.000000 7.000000 8.000000 8.000000 7.000000 6.000000 7.000000 7.000000 7.000000 7.000000 7.000000 7.000000 7.000000 9.000000 9.000000 8.000000 7.000000 8.000000 8.000000 7.000000 3.000000 3.000000 0.000000 5.000000 5.000000 4.000000 3.000000 6.000000
217136 11.000000 11.000000 10.000000 9.000000 9.000000 9.000000 9.000000 9.000000 8.000000 8.000000 9.000000 9.000000 9.000000 9.000000 7.000000 7.000000 7.000000 8.000000 8.000000 8.000000 9.000000 9.000000 8.000000 7.000000 8.000000 8.000000 8.000000 8.000000 8.000000 8.000000 8.000000 10.000000 10.000000 9.000000 8.000000 9.000000 9.000000 8.000000 6.000000 6.000000 5.000000 0.000000 2.000000 3.000000 4.000000 7.000000
38924 11.000000 11.000000 10.000000 9.000000 9.000000 9.000000 9.000000 9.000000 8.000000 8.000000 9.000000 9.000000 9.000000 9.000000 7.000000 7.000000 7.000000 8.000000 8.000000 8.000000 9.000000 9.000000 8.000000 7.000000 8.000000 8.000000 8.000000 8.000000 8.000000 8.000000 8.000000 10.000000 10.000000 9.000000 8.000000 9.000000 9.000000 8.000000 6.000000 6.000000 5.000000 2.000000 0.000000 3.000000 4.000000 7.000000
439290 10.000000 10.000000 9.000000 8.000000 8.000000 8.000000 8.000000 8.000000 7.000000 7.000000 8.000000 8.000000 8.000000 8.000000 6.000000 6.000000 6.000000 7.000000 7.000000 7.000000 8.000000 8.000000 7.000000 6.000000 7.000000 7.000000 7.000000 7.000000 7.000000 7.000000 7.000000 9.000000 9.000000 8.000000 7.000000 8.000000 8.000000 7.000000 5.000000 5.000000 4.000000 3.000000 3.000000 0.000000 3.000000 6.000000
142104 9.000000 9.000000 8.000000 7.000000 7.000000 7.000000 7.000000 7.000000 6.000000 6.000000 7.000000 7.000000 7.000000 7.000000 5.000000 5.000000 5.000000 6.000000 6.000000 6.000000 7.000000 7.000000 6.000000 5.000000 6.000000 6.000000 6.000000 6.000000 6.000000 6.000000 6.000000 8.000000 8.000000 7.000000 6.000000 7.000000 7.000000 6.000000 4.000000 4.000000 3.000000 4.000000 4.000000 3.000000 0.000000 5.000000
root 8.000000 8.000000 7.000000 6.000000 6.000000 6.000000 6.000000 6.000000 5.000000 5.000000 6.000000 6.000000 6.000000 6.000000 4.000000 4.000000 4.000000 7.000000 7.000000 7.000000 8.000000 8.000000 7.000000 6.000000 7.000000 7.000000 7.000000 7.000000 7.000000 7.000000 7.000000 9.000000 9.000000 8.000000 7.000000 8.000000 8.000000 7.000000 7.000000 7.000000 6.000000 7.000000 7.000000 6.000000 5.000000 0.000000