
6
A      0.00000  0.05532  0.22612  0.22612  0.22612  0.11896  0.02766  0.21939  0.18891  0.11306  0.11311
B      0.05532  0.00000  0.22612  0.22612  0.22612  0.11896  0.02766  0.21939  0.18891  0.11306  0.11311
C      0.22612  0.22612  0.00000  0.01346  0.07442  0.11896  0.19846  0.00673  0.03721  0.11306  0.11311
D      0.22612  0.22612  0.01346  0.00000  0.07442  0.11896  0.19846  0.00673  0.03721  0.11306  0.11311
E      0.22612  0.22612  0.07442  0.07442  0.00000  0.11896  0.19846  0.06769  0.03721  0.11306  0.11311
Root  0.11896  0.11896  0.11896  0.11896  0.11896  0.00000  0.09130  0.11223  0.08175  0.00590  0.00585
7  0.02766  0.02766  0.19846  0.19846  0.19846  0.09130  0.00000  0.19173  0.16125  0.08540  0.08545
8  0.21939  0.21939  0.00673  0.00673  0.06769  0.11223  0.19173  0.00000  0.03048  0.10633  0.10638
9  0.18891  0.18891  0.03721  0.03721  0.03721  0.08175  0.16125  0.03048  0.00000  0.07585  0.07590
10  0.11306  0.11306  0.11306  0.11306  0.11306  0.00590  0.08540  0.10633  0.07585  0.00000  0.00005
11  0.11311  0.11311  0.11311  0.11311  0.11311  0.00585  0.08545  0.10638  0.07590  0.00005  0.00000